STATIONS_ID;MESS_DATUM;QN_3;  FX;  FM;QN_4; RSK;RSKF; SDK;SHK_TAG;  NM; VPM;  PM; TMK; UPM; TXK; TNK; TGK;eor
        403;20220819;-999;-999;-999;   10;   0.1;   6;    1.000;   0;   7.8;  22.5; 1001.10;   21.1;   90.00;   23.6;   19.6;   19.3;eor
        403;20220820;-999;-999;-999;   10;   1.5;   6;    0.000;   0;   7.8;  20.9; 1004.70;   19.7;   91.00;   21.7;   18.2;   17.7;eor
        403;20220821;-999;-999;-999;   10;   0.0;   0;    7.900;   0;   5.8;  14.9; 1006.20;   18.9;   71.00;   23.9;   13.7;   12.0;eor
        403;20220822;-999;-999;-999;   10;   0.0;   0;    5.100;   0;   6.2;  14.3; 1007.50;   18.9;   69.00;   24.1;   12.8;   10.9;eor
        403;20220823;-999;-999;-999;   10;   0.0;   0;    4.700;   0;   4.9;  16.9; 1008.90;   20.4;   72.00;   26.0;   16.7;   13.8;eor
        403;20220824;-999;-999;-999;   10;   0.0;   0;    7.700;   0;   2.4;  18.8; 1011.20;   21.0;   78.00;   27.2;   15.4;   12.4;eor
        403;20220825;-999;-999;-999;   10;   0.0;   0;    7.500;   0;   2.7;  20.6; 1009.10;   22.1;   80.00;   28.1;   17.5;   14.9;eor
        403;20220826;-999;-999;-999;   10;  22.3;   6;    5.200;   0;   5.3;  21.8; 1003.80;   21.4;   87.00;   29.3;   18.9;   16.7;eor
        403;20220827;-999;-999;-999;   10;   0.0;   6;    1.000;   0;   7.6;  21.2; 1002.80;   20.2;   90.00;   23.5;   18.6;   18.3;eor
        403;20220828;-999;-999;-999;   10;   0.0;   0;    5.700;   0;   4.8;  15.5; 1006.80;   17.5;   78.00;   21.5;   13.7;   10.7;eor
        403;20220829;-999;-999;-999;   10;   0.0;   0;    4.700;   0;   4.5;  14.7; 1010.20;   16.6;   79.00;   22.4;   12.2;    9.6;eor
        403;20220830;-999;-999;-999;   10;   0.0;   0;    6.000;   0;   5.0;  15.0; 1012.20;   17.2;   78.00;   22.1;   13.4;   10.8;eor
        403;20220831;-999;-999;-999;   10;   0.0;   0;    9.900;   0;   5.2;  12.0; 1013.60;   17.2;   63.00;   21.7;   12.9;   10.4;eor
        403;20220901;-999;-999;-999;   10;   0.0;   0;   10.600;   0;   2.8;  11.4; 1013.30;   16.6;   62.00;   21.4;   12.1;    8.9;eor
        403;20220902;-999;-999;-999;   10;   0.0;   0;    7.100;   0;   3.5;  11.2; 1011.20;   16.1;   63.00;   22.4;   10.3;    7.4;eor
        403;20220903;-999;-999;-999;   10;   0.0;   0;    6.500;   0;   4.1;  10.4; 1008.90;   16.5;   57.00;   22.5;   11.0;    7.2;eor
        403;20220904;-999;-999;-999;   10;   0.0;   0;   12.400;   0;   4.4;  11.3; 1012.10;   18.1;   55.00;   24.9;   12.8;    9.7;eor
        403;20220905;-999;-999;-999;   10;   0.0;   0;   12.400;   0;   4.7;  12.7; 1014.60;   18.4;   60.00;   24.8;   12.9;    9.4;eor
        403;20220906;-999;-999;-999;   10;   0.0;   0;    7.500;   0;   6.0;  11.7; 1010.40;   17.9;   57.00;   23.5;   13.1;   10.6;eor
        403;20220907;-999;-999;-999;   10;   0.0;   0;    6.800;   0;   4.8;  14.4; 1004.70;   19.1;   64.00;   25.6;   13.1;    9.6;eor
        403;20220908;-999;-999;-999;   10;  12.0;   6;    0.000;   0;   6.6;  15.7;  999.90;   16.1;   85.00;   17.5;   13.7;   11.1;eor
        403;20220909;-999;-999;-999;   10;   0.0;   0;    8.100;   0;   4.3;  14.7; 1001.70;   16.9;   79.00;   23.2;   12.0;    9.6;eor
        403;20220910;-999;-999;-999;   10;   0.0;   6;   10.400;   0;   4.1;  14.3; 1002.40;   16.4;   79.00;   23.2;   11.4;    9.0;eor
        403;20220911;-999;-999;-999;   10;   0.0;   6;    1.900;   0;   5.9;  14.9; 1006.30;   15.4;   86.00;   19.7;   12.4;    9.9;eor
        403;20220912;-999;-999;-999;   10;   0.0;   6;    8.400;   0;   3.7;  13.0; 1006.90;   14.7;   80.00;   20.4;    9.8;    7.4;eor
        403;20220913;-999;-999;-999;   10;   1.6;   6;    3.500;   0;   5.5;  15.4;  999.20;   15.1;   90.00;   19.7;   10.7;    8.1;eor
        403;20220914;-999;-999;-999;   10;   0.0;   6;    3.600;   0;   7.0;  13.0;  995.80;   14.5;   81.00;   19.2;   10.8;    8.1;eor
        403;20220915;-999;-999;-999;   10;   0.1;   6;    5.100;   0;   5.4;  12.3;  994.10;   14.3;   77.00;   18.5;   11.3;    7.9;eor
        403;20220916;-999;-999;-999;   10;   5.6;   6;    6.600;   0;   4.4;  10.4;  994.50;   13.3;   71.00;   17.8;   10.1;    9.3;eor
        403;20220917;-999;-999;-999;   10;   3.9;   6;    4.700;   0;   7.0;  11.4;  995.10;   12.2;   81.00;   16.5;    9.5;    9.3;eor
        403;20220918;-999;-999;-999;   10;   3.2;   6;    6.900;   0;   6.1;  10.6;  996.90;   10.5;   84.00;   14.3;    8.6;    8.0;eor
        403;20220919;-999;-999;-999;   10;   1.5;   8;    1.200;   0;   6.3;  11.7; 1002.30;   10.6;   92.00;   16.4;    8.3;    7.0;eor
        403;20220920;-999;-999;-999;   10;   2.4;   6;    7.200;   0;   3.9;  11.3; 1010.00;   10.1;   92.00;   14.2;    6.4;    4.2;eor
        403;20220921;-999;-999;-999;   10;   0.0;   6;    6.900;   0;   3.2;  10.3; 1015.50;   10.2;   86.00;   16.8;    5.7;    3.0;eor
        403;20220922;-999;-999;-999;   10;   0.0;   0;    7.400;   0;   2.3;   9.6; 1014.50;    9.5;   83.00;   17.0;    4.7;    2.4;eor
        403;20220923;-999;-999;-999;   10;   0.0;   0;   10.200;   0;   4.4;   9.1; 1008.70;   10.1;   78.00;   17.4;    3.2;    0.9;eor
        403;20220924;-999;-999;-999;   10;   0.0;   6;    0.300;   0;   6.9;  11.1; 1003.90;   12.4;   78.00;   16.8;    8.5;    6.7;eor
        403;20220925;-999;-999;-999;   10;   0.0;   0;    5.100;   0;   6.7;  11.9; 1001.50;   14.1;   75.00;   18.9;   10.6;    9.3;eor
        403;20220926;-999;-999;-999;   10;   0.5;   6;    5.400;   0;   6.8;  10.6;  993.90;   13.2;   71.00;   16.9;    9.5;    6.8;eor
        403;20220927;-999;-999;-999;   10;   4.0;   6;    1.000;   0;   6.7;  11.6;  986.10;   10.6;   91.00;   12.9;    7.2;    4.9;eor
        403;20220928;-999;-999;-999;   10;   0.0;   6;    5.000;   0;   6.4;  10.0;  987.60;    8.9;   88.00;   12.2;    6.0;    3.7;eor
        403;20220929;-999;-999;-999;   10;   0.0;   0;    3.600;   0;   5.3;   9.6;  993.90;    8.9;   86.00;   14.7;    5.0;    1.8;eor
        403;20220930;-999;-999;-999;   10;   0.0;   0;    9.300;   0;   1.2;   9.1; 1001.10;    9.4;   81.00;   17.6;    3.5;    0.6;eor
        403;20221001;-999;-999;-999;   10;   2.5;   6;    0.400;   0;   5.5;  11.2;  997.50;    9.8;   92.00;   12.8;    5.2;    2.2;eor
        403;20221002;-999;-999;-999;   10;   3.6;   6;    6.800;   0;   3.3;  12.2; 1003.80;   12.3;   86.00;   16.1;    9.8;    7.9;eor
        403;20221003;-999;-999;-999;   10;   0.6;   6;    2.700;   0;   6.6;  12.3; 1010.90;   12.8;   84.00;   16.2;   10.2;    8.9;eor
        403;20221004;-999;-999;-999;   10;   0.0;   0;    5.100;   0;   6.0;  12.3; 1011.50;   12.9;   84.00;   17.5;    8.8;    5.8;eor
        403;20221005;-999;-999;-999;   10;   0.0;   6;    6.700;   0;   4.0;  11.8; 1007.60;   13.6;   77.00;   20.3;    8.5;    5.0;eor
        403;20221006;-999;-999;-999;   10;   0.0;   0;    9.300;   0;   2.7;  11.1; 1016.00;   13.8;   72.00;   18.0;    5.7;    3.1;eor
        403;20221007;-999;-999;-999;   10;   0.0;   0;   10.700;   0;   2.3;   9.3; 1013.90;   10.3;   79.00;   18.3;    4.1;    1.7;eor
        403;20221008;-999;-999;-999;   10;   0.0;   6;    4.400;   0;   4.3;  11.0; 1008.60;   10.9;   85.00;   15.5;    7.1;    4.6;eor
        403;20221009;-999;-999;-999;   10;   0.0;   0;   10.000;   0;   1.8;   9.8; 1015.40;    9.8;   83.00;   16.4;    4.5;    1.8;eor
        403;20221010;-999;-999;-999;   10;   0.0;   6;    9.200;   0;   2.7;  10.2; 1007.90;   11.0;   79.00;   17.5;    4.6;    1.2;eor
        403;20221011;-999;-999;-999;   10;   0.0;   0;    8.600;   0;   2.0;   9.6; 1015.00;    9.9;   81.00;   15.4;    4.1;    1.7;eor
        403;20221012;-999;-999;-999;   10;   0.0;   0;    9.900;   0;   0.7;   8.5; 1015.50;    8.2;   82.00;   16.4;    2.4;    0.2;eor
        403;20221013;-999;-999;-999;   10;   0.0;   0;    4.000;   0;   5.6;  10.3; 1009.20;    9.7;   87.00;   16.9;    4.3;    1.5;eor
        403;20221014;-999;-999;-999;   10;   0.3;   6;    3.900;   0;   6.0;  11.7; 1004.20;   11.6;   87.00;   17.6;    5.8;    3.1;eor
        403;20221015;-999;-999;-999;   10;   0.0;   0;    4.100;   0;   5.6;  14.4;  999.30;   14.5;   88.00;   18.7;   11.6;    8.7;eor
        403;20221016;-999;-999;-999;   10;   0.0;   0;    5.300;   0;   5.3;  13.7; 1006.90;   14.9;   82.00;   20.5;   10.4;    7.4;eor
        403;20221017;-999;-999;-999;   10;   1.0;   6;    9.100;   0;   6.6;  14.8; 1012.70;   16.8;   80.00;   24.9;   10.9;    8.4;eor
        403;20221018;-999;-999;-999;   10;  10.2;   6;    1.100;   0;   5.9;  15.4; 1015.50;   13.8;   97.00;   16.2;    8.9;    5.8;eor
        403;20221019;-999;-999;-999;   10;   0.0;   6;    4.100;   0;   4.4;   9.8; 1017.20;   10.1;   80.00;   14.9;    4.4;    1.6;eor
        403;20221020;-999;-999;-999;   10;   1.4;   6;    9.300;   0;   5.1;   8.6; 1011.80;    8.5;   79.00;   14.7;    3.4;    0.5;eor
        403;20221021;-999;-999;-999;   10;   1.6;   6;    1.500;   0;   7.5;  12.5; 1002.10;   11.8;   90.00;   15.4;    7.8;    7.6;eor
        403;20221022;-999;-999;-999;   10;   0.0;   6;    4.300;   0;   5.9;  14.7; 1003.60;   14.4;   91.00;   18.9;   11.7;    9.2;eor
        403;20221023;-999;-999;-999;   10;   2.7;   6;    6.500;   0;   6.4;  13.4; 1005.10;   13.9;   85.00;   19.0;    8.7;    6.4;eor
        403;20221024;-999;-999;-999;   10;   0.1;   6;    2.000;   0;   6.3;  14.2; 1000.60;   14.8;   85.00;   18.8;   11.2;    7.9;eor
        403;20221025;-999;-999;-999;   10;   0.2;   6;    1.900;   0;   4.4;  13.0; 1005.40;   12.6;   89.00;   17.1;    7.4;    4.5;eor
        403;20221026;-999;-999;-999;   10;   0.0;   0;    8.700;   0;   2.4;  11.6; 1009.40;   11.3;   88.00;   18.4;    6.0;    3.4;eor
        403;20221027;-999;-999;-999;   10;   0.0;   0;    8.900;   0;   4.6;  13.2; 1014.70;   13.2;   88.00;   20.7;    7.7;    5.1;eor
        403;20221028;-999;-999;-999;   10;   0.0;   0;    7.400;   0;   5.3;  14.3; 1010.50;   16.0;   81.00;   23.1;   10.1;    6.9;eor
        403;20221029;-999;-999;-999;   10;   0.0;   6;    6.800;   0;   7.3;  15.1; 1010.90;   15.5;   87.00;   21.2;   11.7;    8.6;eor
        403;20221030;-999;-999;-999;   10;   0.0;   6;    7.400;   0;   3.2;  13.6; 1008.50;   14.7;   84.00;   22.2;   10.2;    6.7;eor
        403;20221031;-999;-999;-999;   10;   0.0;   0;    6.700;   0;   4.8;  13.7; 1010.10;   12.6;   94.00;   18.3;    8.6;    5.4;eor
        403;20221101;-999;-999;-999;   10;   0.1;   6;    2.200;   0;   4.9;  13.6; 1006.60;   12.6;   93.00;   17.2;    8.0;    3.9;eor
        403;20221102;-999;-999;-999;   10;   0.0;   0;    6.100;   0;   2.3;   9.0; 1010.10;    9.6;   77.00;   15.1;    3.5;    0.3;eor
        403;20221103;-999;-999;-999;   10;   0.0;   6;    4.600;   0;   6.0;   8.4; 1004.90;    7.9;   80.00;   12.4;    2.9;   -0.2;eor
        403;20221104;-999;-999;-999;   10;   2.4;   6;    0.000;   0;   7.5;  10.9;  996.60;    9.0;   95.00;   10.7;    6.6;    3.1;eor
        403;20221105;-999;-999;-999;   10;   0.0;   0;    6.800;   0;   3.7;   9.2; 1006.00;    7.7;   88.00;   12.3;    2.8;    0.0;eor
        403;20221106;-999;-999;-999;   10;   0.0;   6;    8.700;   0;   3.3;   8.1; 1005.90;    6.7;   84.00;   11.9;    3.0;    0.1;eor
        403;20221107;-999;-999;-999;   10;   0.0;   6;    4.500;   0;   6.2;   9.6; 1002.90;   10.7;   75.00;   15.0;    6.4;    5.1;eor
        403;20221108;-999;-999;-999;   10;   0.2;   6;    7.500;   0;   6.0;  10.4; 1002.70;   12.1;   75.00;   16.9;    7.9;    4.2;eor
        403;20221109;-999;-999;-999;   10;   1.0;   6;    3.700;   0;   6.6;  11.4; 1001.50;   11.8;   83.00;   15.0;    9.0;    5.1;eor
        403;20221110;-999;-999;-999;   10;   0.0;   0;    6.100;   0;   5.1;  10.2; 1012.60;   11.7;   74.00;   14.3;    8.6;    5.8;eor
        403;20221111;-999;-999;-999;   10;   0.0;   0;    1.900;   0;   6.3;   9.6; 1020.10;    8.6;   87.00;   12.8;    4.0;    0.6;eor
        403;20221112;-999;-999;-999;   10;   0.0;   0;    7.300;   0;   4.0;   8.8; 1022.80;    6.4;   92.00;   13.8;    1.8;   -0.9;eor
        403;20221113;-999;-999;-999;   10;   0.0;   0;    3.400;   0;   6.4;   9.6; 1018.10;    8.3;   88.00;   12.3;    5.6;    3.0;eor
        403;20221114;-999;-999;-999;   10;   0.0;   0;    7.300;   0;   2.2;   8.7; 1009.50;    6.6;   90.00;   11.0;    3.8;   -0.1;eor
        403;20221115;-999;-999;-999;   10;   0.0;   0;    8.000;   0;   1.6;   8.9; 1002.30;    6.8;   91.00;   14.1;    2.5;   -0.8;eor
        403;20221116;-999;-999;-999;   10;   0.1;   6;    0.000;   0;   8.0;   8.5;  997.10;    5.6;   93.00;    6.5;    4.4;    4.2;eor
        403;20221117;-999;-999;-999;   10;   1.1;   8;    0.000;   0;   8.0;   6.6;  993.50;    3.8;   82.00;    5.0;    1.8;    1.7;eor
        403;20221118;-999;-999;-999;   10;   0.1;   8;    0.800;   0;   4.7;   4.7;  998.20;   -1.1;   83.00;    1.8;   -5.3;   -7.3;eor
        403;20221119;-999;-999;-999;   10;   1.0;   7;    2.100;   0;   5.5;   4.7; 1003.20;   -2.0;   89.00;    2.3;   -6.3;   -7.9;eor
        403;20221120;-999;-999;-999;   10;   0.0;   7;    0.200;   3;   6.0;   5.3;  999.50;   -0.8;   92.00;    1.1;   -4.1;   -5.8;eor
        403;20221121;-999;-999;-999;   10;   0.0;   0;    0.000;   2;   7.3;   5.1;  994.90;   -1.9;   96.00;   -1.1;   -3.0;   -4.8;eor
        403;20221122;-999;-999;-999;   10;   0.0;   0;    0.000;   1;   7.3;   5.8;  992.40;   -0.1;   95.00;    1.7;   -2.7;   -3.9;eor
        403;20221123;-999;-999;-999;   10;   0.0;   0;    4.700;   0;   5.3;   6.8;  995.00;    2.4;   93.00;    7.5;   -0.5;   -2.7;eor
        403;20221124;-999;-999;-999;   10;   0.0;   6;    0.200;   0;   7.0;   7.0; 1001.70;    2.2;   98.00;    4.7;   -0.1;   -1.8;eor
        403;20221125;-999;-999;-999;   10;   2.1;   6;    5.200;   0;   7.0;   8.5; 1007.50;    5.2;   96.00;    8.4;    2.3;   -0.7;eor
        403;20221126;-999;-999;-999;   10;   0.1;   6;    0.000;   0;   7.9;   9.8; 1017.40;    7.4;   96.00;    7.8;    6.6;    4.9;eor
        403;20221127;-999;-999;-999;   10;   0.0;   0;    6.500;   0;   5.0;   7.9; 1016.20;    4.9;   91.00;    7.7;    2.0;   -0.9;eor
        403;20221128;-999;-999;-999;   10;   0.0;   6;    0.100;   0;   7.0;   6.9; 1007.40;    3.7;   86.00;    5.5;    2.6;    0.3;eor
        403;20221129;-999;-999;-999;   10;   0.5;   6;    0.000;   0;   7.6;   7.4; 1009.50;    3.7;   93.00;    4.9;    2.5;    0.5;eor
        403;20221130;-999;-999;-999;   10;   0.0;   0;    0.100;   0;   7.7;   6.7; 1015.70;    3.1;   87.00;    5.7;    0.3;    0.8;eor
        403;20221201;-999;-999;-999;   10;   1.5;   8;    0.000;   0;   8.0;   5.8; 1018.50;    0.5;   92.00;    1.0;    0.0;    0.2;eor
        403;20221202;-999;-999;-999;   10;   0.0;   8;    0.000;   0;   8.0;   5.6; 1016.60;    0.4;   89.00;    1.7;   -1.2;   -1.0;eor
        403;20221203;-999;-999;-999;   10;   0.5;   7;    0.000;   0;   8.0;   5.0; 1014.20;   -1.1;   89.00;   -0.3;   -1.9;   -1.6;eor
        403;20221204;-999;-999;-999;   10;   1.0;   6;    0.000;   0;   8.0;   6.4; 1010.50;    1.2;   96.00;    2.6;   -0.3;   -0.2;eor
        403;20221205;-999;-999;-999;   10;   0.6;   6;    0.000;   0;   8.0;   7.6; 1008.30;    3.1;  100.00;    3.9;    2.5;    2.6;eor
        403;20221206;-999;-999;-999;   10;   1.3;   8;    0.000;   0;   8.0;   7.0; 1005.10;    2.3;   97.00;    3.2;    1.7;    1.7;eor
        403;20221207;-999;-999;-999;   10;   2.5;   8;    0.000;   0;   6.2;   6.3; 1000.10;    2.1;   89.00;    4.1;    0.0;   -2.0;eor
        403;20221208;-999;-999;-999;   10;   2.6;   8;    0.000;   2;   6.7;   6.5;  997.00;    1.1;   98.00;    3.0;   -1.9;   -3.9;eor
        403;20221209;-999;-999;-999;   10;   0.0;   6;    0.000;   0;   7.2;   5.5;  998.40;   -1.5;   99.00;   -0.4;   -2.4;   -4.8;eor
        403;20221210;-999;-999;-999;   10;   0.0;   7;    0.000;   0;   7.3;   4.9; 1000.30;   -1.6;   89.00;   -0.5;   -2.7;   -3.3;eor
        403;20221211;-999;-999;-999;   10;   0.0;   7;    0.000;   0;   7.6;   4.4; 1000.10;   -2.4;   86.00;   -1.8;   -2.8;   -2.8;eor
        403;20221212;-999;-999;-999;   10;   0.0;   7;    1.500;   0;   7.3;   4.8; 1001.00;   -1.4;   88.00;   -0.5;   -2.3;   -2.7;eor
        403;20221213;-999;-999;-999;   10;   0.0;   0;    0.100;   0;   4.9;   4.1; 1002.40;   -2.6;   82.00;   -1.1;   -7.4;   -9.4;eor
        403;20221214;-999;-999;-999;   10;   0.0;   7;    3.700;   0;   1.6;   3.3;  996.20;   -6.9;   91.00;   -2.9;   -9.7;  -11.9;eor
        403;20221215;-999;-999;-999;   10;   0.0;   0;    5.800;   0;   1.3;   3.3;  998.60;   -7.2;   92.00;   -2.3;  -10.4;  -12.5;eor
        403;20221216;-999;-999;-999;   10;   0.0;   7;    1.200;   0;   5.0;   3.8; 1005.30;   -5.1;   90.00;   -2.1;   -9.1;  -11.5;eor
        403;20221217;-999;-999;-999;   10;   0.0;   7;    0.000;   0;   8.0;   4.6; 1016.70;   -3.7;   98.00;   -2.2;   -6.5;   -5.8;eor
        403;20221218;-999;-999;-999;   10;   0.0;   7;    0.000;   0;   7.5;   3.8; 1023.20;   -5.9;   97.00;   -4.4;   -7.2;   -7.1;eor
        403;20221219;-999;-999;-999;   10;   5.4;   6;    0.000;   0;   6.7;   5.4; 1013.00;   -0.4;   88.00;    3.9;   -5.5;   -6.4;eor
        403;20221220;-999;-999;-999;   10;   4.4;   6;    0.200;   0;   7.2;   7.7; 1005.90;    5.8;   84.00;    8.2;    3.6;    1.9;eor
        403;20221221;-999;-999;-999;   10;   1.1;   6;    0.000;   0;   7.1;   9.3; 1000.80;    6.2;   98.00;    7.4;    4.7;    0.6;eor
        403;20221222;-999;-999;-999;   10;   3.6;   6;    0.000;   0;   7.1;   9.8;  995.10;    6.8;   99.00;    8.7;    4.7;    1.3;eor
        403;20221223;-999;-999;-999;   10;   9.7;   6;    0.000;   0;   7.8;   9.3;  994.10;    6.0;   99.00;    7.0;    4.8;    1.8;eor
        403;20221224;-999;-999;-999;   10;   2.2;   6;    0.300;   0;   6.6;   9.4; 1000.20;    6.1;   99.00;    8.6;    4.9;    0.7;eor
        403;20221225;-999;-999;-999;   10;   8.5;   6;    0.100;   0;   4.8;   8.5; 1006.00;    4.4;  100.00;    8.9;    0.2;   -2.4;eor
        403;20221226;-999;-999;-999;   10;   0.0;   6;    0.400;   0;   6.5;  10.0; 1001.40;    9.1;   86.00;   10.6;    5.3;    4.2;eor
        403;20221227;-999;-999;-999;   10;   0.0;   6;    2.200;   0;   3.8;   6.2; 1011.40;    3.9;   77.00;    6.0;    1.2;   -2.2;eor
        403;20221228;-999;-999;-999;   10;   1.3;   6;    1.300;   0;   7.5;   7.6; 1003.90;    6.1;   81.00;    8.7;    3.3;    1.8;eor
        403;20221229;-999;-999;-999;   10;   1.6;   6;    2.400;   0;   6.6;   8.9;  995.90;    9.5;   75.00;   12.4;    7.7;    3.1;eor
        403;20221230;-999;-999;-999;   10;   1.6;   6;    6.200;   0;   5.5;   7.4; 1001.10;    7.4;   72.00;    9.2;    4.4;    0.4;eor
        403;20221231;-999;-999;-999;   10;   0.0;   6;    0.600;   0;   6.7;  11.6;  998.40;   14.5;   71.00;   17.7;    8.6;    6.3;eor
        403;20230101;-999;-999;-999;   10;   0.0;   6;    0.000;   0;   7.0;   9.4; 1005.30;   14.1;   59.00;   16.0;    9.6;    5.7;eor
        403;20230102;-999;-999;-999;   10;   0.2;   6;    0.000;   0;   7.6;   9.7; 1006.10;   12.8;   66.00;   15.6;    8.9;    7.0;eor
        403;20230103;-999;-999;-999;   10;   0.0;   0;    4.800;   0;   3.3;   7.5; 1016.80;    5.1;   85.00;    9.1;    1.2;   -2.4;eor
        403;20230104;-999;-999;-999;   10;  15.0;   6;    0.000;   0;   6.0;   9.1; 1005.10;    6.9;   91.00;   10.8;    1.6;   -2.0;eor
        403;20230105;-999;-999;-999;   10;   0.6;   6;    1.200;   0;   6.4;   8.5; 1003.30;    8.1;   78.00;   10.2;    1.7;   -1.3;eor
        403;20230106;-999;-999;-999;   10;   0.8;   6;    0.000;   0;   7.5;   9.1; 1008.00;    6.6;   92.00;   10.3;    1.7;   -0.4;eor
        403;20230107;-999;-999;-999;   10;   0.4;   6;    1.000;   0;   6.8;   9.4; 1005.80;    8.0;   88.00;   10.2;    5.0;    1.0;eor
        403;20230108;-999;-999;-999;   10;   3.0;   6;    0.000;   0;   6.7;   8.8;  995.70;    6.7;   89.00;    8.0;    4.5;    0.6;eor
        403;20230109;-999;-999;-999;   10;   1.4;   6;    1.600;   0;   6.8;   8.2;  990.70;    5.9;   89.00;    8.3;    3.3;   -0.1;eor
        403;20230110;-999;-999;-999;   10;   0.0;   6;    1.200;   0;   6.3;   7.8; 1005.40;    6.1;   83.00;    8.5;    3.9;    0.7;eor
        403;20230111;-999;-999;-999;   10;   8.1;   6;    0.000;   0;   7.6;   8.6; 1001.70;    6.5;   88.00;    8.5;    4.3;    1.4;eor
        403;20230112;-999;-999;-999;   10;   2.2;   6;    0.000;   0;   7.0;   8.9;  998.40;    8.4;   81.00;   10.8;    5.3;    3.0;eor
        403;20230113;-999;-999;-999;   10;   0.0;   6;    3.000;   0;   6.3;   8.4;  996.20;    9.0;   73.00;   10.5;    7.0;    4.9;eor
        403;20230114;-999;-999;-999;   10;  13.0;   6;    0.900;   0;   6.7;   8.2;  999.00;    7.3;   81.00;    8.6;    6.2;    4.3;eor
        403;20230115;-999;-999;-999;   10;   0.0;   6;    1.900;   0;   5.9;   7.6;  989.20;    6.3;   78.00;    9.1;    4.5;    2.4;eor
        403;20230116;-999;-999;-999;   10;   0.1;   8;    4.900;   0;   6.2;   5.9;  982.90;    4.7;   70.00;    7.8;    2.8;    0.3;eor
        403;20230117;-999;-999;-999;   10;   0.2;   8;    0.900;   0;   5.0;   5.9;  976.30;    2.5;   81.00;    4.8;   -3.0;   -5.0;eor
        403;20230118;-999;-999;-999;   10;   0.0;   7;    0.000;   0;   6.0;   5.2;  985.90;   -0.3;   88.00;    2.3;   -3.4;   -6.1;eor
        403;20230119;-999;-999;-999;   10;   0.0;   8;    7.000;   0;   3.2;   4.8;  995.30;   -1.0;   85.00;    2.7;   -4.3;   -6.9;eor
        403;20230120;-999;-999;-999;   10;   0.0;   7;    0.000;   0;   7.5;   5.7; 1006.90;    0.3;   91.00;    1.4;   -1.3;   -3.2;eor
        403;20230121;-999;-999;-999;   10;   5.0;   8;    0.000;   0;   8.0;   5.8; 1016.00;    1.0;   88.00;    3.4;   -1.1;   -0.9;eor
        403;20230122;-999;-999;-999;   10;   0.2;   8;    0.000;   0;   8.0;   6.5; 1020.20;    1.6;   95.00;    2.1;    1.2;    0.8;eor
        403;20230123;-999;-999;-999;   10;   0.0;   8;    0.000;   0;   8.0;   6.2; 1027.70;    1.7;   90.00;    2.5;    1.0;    0.8;eor
        403;20230124;-999;-999;-999;   10;   0.0;   8;    0.000;   0;   7.8;   5.3; 1029.80;    0.9;   82.00;    1.7;   -0.1;   -0.1;eor
        403;20230125;-999;-999;-999;   10;   0.0;   6;    0.000;   0;   8.0;   6.0; 1022.00;    0.6;   94.00;    1.5;   -0.6;   -0.3;eor
        403;20230126;-999;-999;-999;   10;   0.0;   8;    0.000;   0;   8.0;   5.6; 1012.20;   -0.9;   98.00;   -0.4;   -1.4;   -1.1;eor
        403;20230127;-999;-999;-999;   10;   0.4;   6;    0.000;   0;   7.8;   6.2; 1014.50;    1.7;   90.00;    3.5;   -0.4;   -2.9;eor
        403;20230128;-999;-999;-999;   10;   0.0;   8;    0.000;   0;   6.3;   4.3; 1018.00;    0.3;   69.00;    1.5;   -1.5;   -4.2;eor
        403;20230129;-999;-999;-999;   10;   0.5;   8;    0.200;   0;   7.8;   5.7; 1012.70;    1.0;   86.00;    3.3;   -1.1;   -1.3;eor
        403;20230130;-999;-999;-999;   10;   3.4;   6;    0.700;   0;   6.8;   6.6;  998.10;    3.8;   83.00;    7.1;    1.1;    0.6;eor
        403;20230131;-999;-999;-999;   10;   5.7;   8;    0.000;   0;   6.1;   7.0; 1003.60;    4.2;   85.00;    6.5;    2.4;    0.6;eor
        403;20230201;-999;-999;-999;    3;   8.4;   8;    0.200;   0;   6.9;   6.9;  999.10;    4.4;   83.00;    6.3;    1.9;    0.7;eor
        403;20230202;-999;-999;-999;    3;   4.0;   6;    4.100;   0;   5.9;   6.3; 1006.20;    3.7;   80.00;    6.4;   -0.9;   -3.3;eor
        403;20230203;-999;-999;-999;    3;   5.1;   8;    1.800;   0;   7.4;   7.8; 1004.30;    5.5;   87.00;    8.6;    1.4;    0.4;eor
        403;20230204;-999;-999;-999;    3;   0.0;   0;    5.400;   0;   3.8;   5.2; 1024.50;    1.3;   76.00;    4.1;   -2.1;   -5.3;eor
        403;20230205;-999;-999;-999;    3;   0.1;   7;    3.800;   0;   4.8;   4.1; 1028.50;   -2.4;   82.00;    1.3;   -5.3;   -7.3;eor
        403;20230206;-999;-999;-999;    3;   0.8;   7;    0.000;   0;   5.4;   4.8; 1029.70;   -2.8;   95.00;    0.2;   -5.9;   -9.4;eor
        403;20230207;-999;-999;-999;    3;   0.0;   0;    8.900;   0;   1.3;   4.0; 1032.20;   -3.5;   85.00;    2.5;   -8.0;  -10.6;eor
        403;20230208;-999;-999;-999;    3;   0.0;   0;    8.900;   0;   0.4;   4.0; 1031.00;   -2.5;   80.00;    2.4;   -6.5;   -8.6;eor
        403;20230209;-999;-999;-999;    3;   0.0;   6;    8.300;   0;   4.4;   3.7; 1022.90;   -1.2;   68.00;    3.5;   -5.1;   -9.0;eor
        403;20230210;-999;-999;-999;    3;   0.0;   6;    2.800;   0;   7.3;   5.9; 1023.10;    2.6;   80.00;    5.9;   -0.3;   -4.0;eor
        403;20230211;-999;-999;-999;    3;   0.8;   6;    0.000;   0;   7.9;   8.5; 1018.60;    5.7;   91.00;    7.3;    2.3;    0.9;eor
        403;20230212;-999;-999;-999;    3;   0.3;   6;    1.200;   0;   7.7;   9.3; 1026.50;    7.0;   94.00;    9.1;    5.6;    3.9;eor
        403;20230213;-999;-999;-999;    3;   0.0;   6;    0.000;   0;   7.7;   8.5; 1027.30;    6.7;   87.00;    7.7;    5.6;    4.6;eor
        403;20230214;-999;-999;-999;    3;   0.0;   0;    0.000;   0;   7.4;   6.8; 1025.80;    5.2;   77.00;    6.4;    1.0;   -2.8;eor
        403;20230215;-999;-999;-999;    3;   0.0;   0;    5.200;   0;   3.7;   6.4; 1017.50;    2.2;   90.00;   10.2;   -1.4;   -4.0;eor
        403;20230216;-999;-999;-999;    3;   1.1;   6;    6.900;   0;   7.0;   6.5; 1012.20;    5.7;   75.00;   12.2;   -0.9;   -3.4;eor
        403;20230217;-999;-999;-999;    3;   3.0;   6;    0.000;   0;   7.7;   9.7; 1003.90;    8.9;   85.00;   12.8;    6.4;    5.7;eor
        403;20230218;-999;-999;-999;    3;  11.6;   6;    0.000;   0;   6.6;   8.7; 1003.30;    7.0;   85.00;   10.3;    5.3;    4.1;eor
        403;20230219;-999;-999;-999;    3;   0.0;   6;    5.800;   0;   5.7;   6.3; 1008.50;    4.0;   78.00;    7.1;    0.4;   -3.0;eor
        403;20230220;-999;-999;-999;    3;   0.4;   6;    0.000;   0;   7.0;   8.1; 1005.20;    6.9;   81.00;   10.0;    0.1;   -3.0;eor
        403;20230221;-999;-999;-999;    3;   0.9;   6;    0.500;   0;   7.5;   9.3; 1004.30;    9.1;   81.00;   10.7;    7.1;    4.7;eor
        403;20230222;-999;-999;-999;    3;   0.0;   0;    0.000;   0;   6.9;   8.1; 1006.30;    7.0;   81.00;    9.5;    4.5;    1.5;eor
        403;20230223;-999;-999;-999;    3;   1.1;   6;    2.000;   0;   8.0;   8.5; 1002.50;    6.2;   88.00;   10.2;    2.3;   -0.1;eor
        403;20230224;-999;-999;-999;    3;   5.1;   8;    0.000;   0;   7.9;   6.7;  992.90;    3.3;   86.00;    6.2;    1.9;    1.9;eor
        403;20230225;-999;-999;-999;    3;   2.2;   8;    0.200;   0;   7.8;   6.2;  991.90;    1.4;   92.00;    3.7;   -0.8;   -1.4;eor
        403;20230226;-999;-999;-999;    3;   0.0;   7;    5.800;   1;   4.7;   4.4; 1010.10;    0.6;   70.00;    4.0;   -2.4;   -4.9;eor
        403;20230227;-999;-999;-999;    3;   0.0;   7;    1.000;   0;   5.2;   4.3; 1019.00;    0.1;   72.00;    4.0;   -4.1;   -6.0;eor
        403;20230228;-999;-999;-999;    3;   0.0;   0;   10.100;   0;   1.4;   4.2; 1021.60;    0.8;   69.00;    6.2;   -3.6;   -5.7;eor
        403;20230301;-999;-999;-999;    3;   0.0;   0;   10.267;   0;   1.6;   4.3; 1018.87;    0.7;   71.38;    8.3;   -5.4;   -7.3;eor
        403;20230302;-999;-999;-999;    3;   0.0;   6;   10.017;   0;   2.5;   5.6; 1014.72;    0.3;   90.29;    5.2;   -3.0;   -5.3;eor
        403;20230303;-999;-999;-999;    3;   0.0;   6;    0.017;   0;   7.6;   5.9; 1012.43;    0.8;   91.71;    3.5;   -1.9;   -1.4;eor
        403;20230304;-999;-999;-999;    3;   0.2;   6;    0.000;   0;   7.3;   6.0; 1006.52;    4.2;   72.88;    6.4;    1.7;    0.1;eor
        403;20230305;-999;-999;-999;    3;   2.4;   8;    1.500;   0;   7.2;   5.3; 1000.82;    2.0;   75.54;    4.1;    0.3;   -0.7;eor
        403;20230306;-999;-999;-999;    3;   1.9;   8;    3.333;   0;   5.8;   5.8;  993.67;    0.4;   92.00;    2.7;   -2.7;   -5.6;eor
        403;20230307;-999;-999;-999;    3;   1.3;   8;    0.000;   1;   7.6;   6.3;  985.74;    1.3;   93.58;    4.0;   -1.6;   -1.4;eor
        403;20230308;-999;-999;-999;    3;   2.1;   7;    3.683;   0;   6.5;   5.7;  987.82;    0.8;   88.42;    3.8;   -2.0;   -4.9;eor
        403;20230309;-999;-999;-999;    3;   9.2;   8;    0.000;   1;   8.0;   6.2;  987.19;    0.7;   95.58;    1.4;    0.1;    0.0;eor
        403;20230310;-999;-999;-999;    3;  11.7;   8;    0.400;   0;   7.8;   7.7;  979.67;    3.4;   97.92;    8.5;    0.7;    0.6;eor
        403;20230311;-999;-999;-999;    3;   0.0;   8;    4.017;   4;   5.1;   5.5;  993.65;    1.0;   84.67;    2.9;    0.2;   -2.1;eor
        403;20230312;-999;-999;-999;    3;   1.3;   8;    5.617;   0;   5.9;   5.4; 1000.17;    2.8;   72.88;    6.3;   -1.0;   -3.4;eor
        403;20230313;-999;-999;-999;    3;   2.8;   6;    2.083;   0;   7.3;  10.5;  989.05;   10.9;   81.08;   16.3;    5.8;    5.1;eor
        403;20230314;-999;-999;-999;    3;   8.1;   8;    1.867;   0;   5.8;   8.6;  984.75;    8.8;   75.79;   14.3;    1.0;   -0.8;eor
        403;20230315;-999;-999;-999;    3;   0.0;   8;    4.817;   0;   2.8;   5.4; 1004.57;    2.3;   76.17;    7.1;   -1.2;   -3.9;eor
        403;20230316;-999;-999;-999;    3;   0.0;   0;   10.850;   0;   3.1;   4.4; 1011.45;    4.1;   59.08;   10.3;   -3.0;   -5.4;eor
        403;20230317;-999;-999;-999;    3;   0.0;   0;    6.550;   0;   6.5;   5.4; 1004.20;    8.4;   49.29;   14.1;    3.2;    0.1;eor
        403;20230318;-999;-999;-999;    3;   4.0;   6;    6.750;   0;   6.1;   8.2; 1002.50;   11.4;   60.04;   18.1;    6.5;    1.5;eor
        403;20230319;-999;-999;-999;    3;   2.7;   6;    2.633;   0;   6.8;   9.9; 1005.17;   10.5;   79.13;   16.1;    5.8;    2.5;eor
        403;20230320;-999;-999;-999;    3;   0.0;   6;    0.483;   0;   7.0;   9.6; 1006.96;    9.8;   79.67;   12.1;    8.0;    5.2;eor
        403;20230321;-999;-999;-999;    3;   1.0;   6;    0.000;   0;   7.7;  10.0; 1005.30;    9.5;   83.83;   12.1;    7.0;    6.2;eor
        403;20230322;-999;-999;-999;    3;   1.0;   6;    5.217;   0;   6.7;   9.7;  999.45;   12.3;   70.58;   17.3;    7.9;    5.0;eor
        403;20230323;-999;-999;-999;    3;   3.8;   6;    2.183;   0;   6.8;  10.6;  996.00;   11.9;   77.29;   16.8;    8.3;    5.0;eor
        403;20230324;-999;-999;-999;    3;   1.4;   6;    1.783;   0;   6.2;  10.3;  992.73;   12.2;   72.96;   16.4;    8.1;    3.9;eor
        403;20230325;-999;-999;-999;    3;   7.2;   6;    4.633;   0;   6.3;   9.3;  992.74;    9.4;   79.75;   13.4;    7.1;    4.7;eor
        403;20230326;-999;-999;-999;    3;   0.0;   6;    2.567;   0;   7.0;   8.1;  993.31;    8.0;   75.33;   11.0;    4.3;    3.1;eor
        403;20230327;-999;-999;-999;    3;   1.0;   8;    6.583;   0;   4.8;   5.5; 1002.30;    3.4;   71.50;    6.9;    0.9;   -0.6;eor
        403;20230328;-999;-999;-999;    3;   0.0;   0;    9.750;   0;   4.0;   4.7; 1011.70;    3.0;   65.00;    7.7;   -0.2;   -3.2;eor
        403;20230329;-999;-999;-999;    3;   0.1;   6;    3.033;   0;   7.4;   6.8; 1006.52;    6.6;   70.29;   10.8;    0.0;   -2.6;eor
        403;20230330;-999;-999;-999;    3;   3.5;   6;    3.683;   0;   6.5;  10.9;  996.84;   11.4;   82.21;   18.8;    7.8;    5.9;eor
        403;20230331;-999;-999;-999;    3;   6.0;   6;    3.517;   0;   7.1;  11.0;  989.80;   10.5;   87.54;   15.2;    8.6;    6.1;eor
        403;20230401;-999;-999;-999;    3;   1.6;   6;    0.000;   0;   8.0;   9.9;  992.36;    7.5;   94.33;   11.1;    3.3;    2.8;eor
        403;20230402;-999;-999;-999;    3;   0.0;   0;    4.167;   0;   4.9;   5.2; 1011.61;    4.4;   62.67;    8.3;    1.0;   -1.7;eor
        403;20230403;-999;-999;-999;    3;   0.0;   7;    4.833;   0;   4.3;   4.4; 1021.42;    2.4;   61.46;    6.1;   -0.9;   -3.8;eor
        403;20230404;-999;-999;-999;    3;   0.0;   0;    9.433;   0;   3.8;   4.4; 1018.11;    2.4;   62.54;    7.0;   -2.1;   -5.7;eor
        403;20230405;-999;-999;-999;    3;   0.0;   6;    4.617;   0;   5.6;   5.1; 1013.03;    3.4;   66.21;    8.2;   -2.2;   -5.4;eor
        403;20230406;-999;-999;-999;    3;   0.0;   0;   12.250;   0;   1.9;   4.8; 1011.04;    5.4;   58.17;   12.1;   -1.9;   -5.0;eor
        403;20230407;-999;-999;-999;    3;   2.4;   6;    1.633;   0;   7.1;   6.6; 1010.13;    4.2;   78.96;    6.8;    0.3;   -3.5;eor
        403;20230408;-999;-999;-999;    3;   0.0;   0;    3.300;   0;   6.2;   8.2; 1014.48;    7.6;   80.13;   13.5;    2.5;   -1.0;eor
        403;20230409;-999;-999;-999;    3;   0.0;   0;   10.750;   0;   1.9;   7.5; 1017.02;    6.5;   80.17;   13.4;    0.2;   -2.6;eor
        403;20230410;-999;-999;-999;    3;   1.8;   6;   11.850;   0;   6.5;   8.0; 1011.92;   10.4;   66.83;   17.1;    1.8;   -1.4;eor
        403;20230411;-999;-999;-999;    3;   2.5;   6;    4.250;   0;   5.6;   8.1; 1000.63;    8.6;   73.54;   12.8;    3.4;   -0.6;eor
        403;20230412;-999;-999;-999;    3;   2.8;   6;    8.083;   0;   4.1;   7.8;  995.70;    8.4;   74.29;   15.7;    0.1;   -2.9;eor
        403;20230413;-999;-999;-999;    3;   0.3;   6;    3.317;   0;   6.0;   8.3;  995.36;    8.9;   75.88;   13.9;    5.1;    1.5;eor
        403;20230414;-999;-999;-999;    3;  10.7;   6;    0.000;   0;   7.5;   9.7;  998.48;    7.6;   92.67;    9.1;    5.4;    4.0;eor
        403;20230415;-999;-999;-999;    3;   4.9;   6;    0.000;   0;   8.0;  11.4;  999.02;    9.5;   95.88;   10.7;    7.9;    7.4;eor
        403;20230416;-999;-999;-999;    3;   1.5;   6;    0.000;   0;   8.0;  10.9; 1008.99;    9.2;   93.38;   10.7;    7.3;    6.6;eor
        403;20230417;-999;-999;-999;    3;   2.5;   6;    1.150;   0;   7.4;   8.6; 1015.33;    7.3;   84.79;   10.7;    5.7;    3.5;eor
        403;20230418;-999;-999;-999;    3;   0.0;   6;    2.683;   0;   6.0;   8.4; 1018.00;    8.9;   74.67;   13.6;    5.0;    2.8;eor
        403;20230419;-999;-999;-999;    3;   5.4;   6;    6.983;   0;   5.2;   6.8; 1013.64;    7.2;   68.88;   12.8;    3.4;    0.5;eor
        403;20230420;-999;-999;-999;    3;   0.1;   6;    2.050;   0;   5.5;   9.4; 1010.81;    9.8;   79.08;   16.4;    5.2;    2.5;eor
        403;20230421;-999;-999;-999;    3;   0.0;   0;   12.983;   0;   1.0;   8.2; 1007.98;   14.6;   51.33;   20.8;    8.4;    3.5;eor
        403;20230422;-999;-999;-999;    3;   1.2;   6;   12.900;   0;   3.2;   8.4; 1002.20;   15.3;   50.38;   22.6;    7.4;    2.3;eor
        403;20230423;-999;-999;-999;    3;   1.9;   6;    5.317;   0;   6.3;  11.6;  997.27;   13.2;   77.21;   18.0;    9.7;    6.2;eor
        403;20230424;-999;-999;-999;    3;   0.0;   6;    6.050;   0;   6.5;   9.7;  993.90;   12.6;   68.21;   18.6;    8.1;    6.0;eor
        403;20230425;-999;-999;-999;    3;   0.0;   6;    1.867;   0;   5.6;   7.0;  999.37;    8.1;   64.54;   10.5;    4.4;    2.5;eor
        403;20230426;-999;-999;-999;    3;   0.0;   8;    7.267;   0;   4.5;   6.3; 1006.20;    6.6;   65.33;   10.6;    2.7;    0.9;eor
        403;20230427;-999;-999;-999;    3;   0.0;   6;    6.650;   0;   5.1;   6.1; 1010.31;    7.2;   61.42;   11.7;    2.3;   -0.4;eor
        403;20230428;-999;-999;-999;    3;   4.3;   6;    6.633;   0;   7.2;   8.6; 1005.37;   10.1;   70.13;   16.6;    1.6;   -0.6;eor
        403;20230429;-999;-999;-999;    3;   0.2;   6;    1.083;   0;   6.3;  10.7; 1004.02;   11.2;   80.58;   14.2;    8.2;    4.4;eor
        403;20230430;-999;-999;-999;    3;   0.0;   0;   14.183;   0;   0.6;   6.5; 1012.75;    8.8;   59.88;   14.2;    3.7;    0.0;eor
        403;20230501;-999;-999;-999;    3;   0.0;   0;   11.700;   0;   6.5;   7.6; 1007.01;   12.1;   57.25;   19.4;    2.5;   -0.7;eor
        403;20230502;-999;-999;-999;    3;   0.0;   0;    4.450;   0;   6.4;   8.5; 1010.83;   11.0;   64.71;   13.9;    7.8;    6.4;eor
        403;20230503;-999;-999;-999;    3;   0.0;   0;   14.117;   0;   1.3;   7.2; 1017.73;    9.4;   62.08;   15.2;    4.1;    1.1;eor
        403;20230504;-999;-999;-999;    3;   0.0;   0;   12.833;   0;   4.7;   8.0; 1013.87;   12.6;   58.29;   19.4;    4.6;    0.8;eor
        403;20230505;-999;-999;-999;    3;  11.9;   6;   11.417;   0;   6.4;   9.6; 1009.63;   14.4;   59.33;   21.2;    8.2;    3.5;eor
        403;20230506;-999;-999;-999;    3;   0.2;   6;    0.000;   0;   8.0;  10.4; 1009.49;    8.3;   94.92;    9.7;    7.3;    8.0;eor
        403;20230507;-999;-999;-999;    3;   0.0;   0;    6.900;   0;   5.2;   9.1; 1014.38;   11.5;   69.17;   17.0;    7.1;    3.7;eor
        403;20230508;-999;-999;-999;    3;   0.0;   0;   14.750;   0;   0.9;   7.3; 1016.75;   12.0;   55.67;   18.7;    4.6;    1.1;eor
        403;20230509;-999;-999;-999;    3;   0.0;   0;   14.550;   0;   1.2;   7.6; 1009.49;   13.9;   49.00;   20.2;    7.2;    3.2;eor
        403;20230510;-999;-999;-999;    3;   0.0;   0;   13.067;   0;   2.5;  11.0; 1002.42;   15.9;   62.04;   22.8;    9.0;    4.8;eor
        403;20230511;-999;-999;-999;    3;   0.0;   0;   11.533;   0;   4.6;  10.1; 1005.70;   17.0;   56.46;   23.4;    9.5;    5.9;eor
        403;20230512;-999;-999;-999;    3;   0.0;   0;   13.350;   0;   2.2;   8.8; 1009.44;   17.5;   44.88;   23.2;   10.8;    7.1;eor
        403;20230513;-999;-999;-999;    3;   0.0;   6;   11.533;   0;   2.3;   8.9; 1011.68;   16.2;   50.29;   22.9;    9.6;    5.9;eor
        403;20230514;-999;-999;-999;    3;   0.0;   0;    5.550;   0;   4.4;   9.9; 1007.82;   15.1;   60.21;   20.7;    9.1;    5.0;eor
        403;20230515;-999;-999;-999;    3;   0.0;   6;    6.683;   0;   5.6;  11.1;  999.39;   14.5;   68.43;   21.9;    7.8;    3.9;eor
        403;20230516;-999;-999;-999;    3;   0.0;   6;    4.300;   0;   5.6;   9.5; 1004.98;   11.9;   69.08;   15.8;    7.8;    3.1;eor
        403;20230517;-999;-999;-999;    3;   0.0;   0;   13.267;   0;   2.0;   7.7; 1012.85;   10.8;   60.75;   15.3;    7.0;    3.0;eor
        403;20230518;-999;-999;-999;    3;   0.0;   0;   11.267;   0;   4.8;   8.1; 1017.88;   11.7;   59.83;   16.9;    6.8;    3.2;eor
        403;20230519;-999;-999;-999;    3;   0.0;   0;    8.933;   0;   5.5;   9.5; 1016.88;   13.4;   63.13;   19.5;    6.6;    2.2;eor
        403;20230520;-999;-999;-999;    3;   0.0;   0;    5.500;   0;   4.9;  12.8; 1014.32;   14.9;   76.25;   20.1;    9.5;    6.3;eor
        403;20230521;-999;-999;-999;    3;   0.0;   0;   11.800;   0;   6.1;  14.2; 1008.99;   20.7;   61.83;   27.5;   13.1;    8.8;eor
        403;20230522;-999;-999;-999;    3;   0.0;   6;   13.133;   0;   6.8;  11.9; 1006.05;   20.4;   49.83;   26.4;   15.5;   10.9;eor
        403;20230523;-999;-999;-999;    3;   2.9;   6;    1.750;   0;   7.3;  13.4; 1003.93;   14.7;   80.33;   20.0;    9.0;    7.8;eor
        403;20230524;-999;-999;-999;    3;   0.0;   0;    4.700;   0;   5.1;   9.8; 1011.12;   11.1;   75.21;   15.7;    7.5;    3.9;eor
        403;20230525;-999;-999;-999;    3;   0.0;   0;   12.267;   0;   2.4;  10.6; 1014.80;   13.6;   70.83;   19.0;    6.1;    2.9;eor
        403;20230526;-999;-999;-999;    3;   0.0;   0;   14.717;   0;   0.4;   9.1; 1017.00;   13.8;   61.13;   19.8;    6.7;    2.5;eor
        403;20230527;-999;-999;-999;    3;   0.0;   0;   14.850;   0;   0.4;   8.3; 1016.51;   14.5;   54.58;   21.6;    6.3;    2.4;eor
        403;20230528;-999;-999;-999;    3;   0.0;   0;   14.950;   0;   0.5;   9.0; 1010.95;   16.6;   52.71;   23.9;    6.9;    3.1;eor
        403;20230529;-999;-999;-999;    3;   0.0;   0;   11.517;   0;   5.0;   9.8; 1011.85;   16.4;   53.54;   21.7;    9.6;    4.8;eor
        403;20230530;-999;-999;-999;    3;   0.0;   0;   15.617;   0;   2.0;   9.4; 1014.43;   16.0;   54.17;   22.8;    6.8;    2.8;eor
        403;20230531;-999;-999;-999;    3;   0.0;   0;   15.067;   0;   4.6;  10.1; 1013.43;   17.6;   53.54;   25.0;    8.5;    3.8;eor
        403;20230601;-999;-999;-999;    3;   0.0;   0;   12.633;   0;   2.4;  11.4; 1007.69;   16.0;   65.13;   21.9;   10.8;    8.3;eor
        403;20230602;-999;-999;-999;    3;   0.0;   6;    9.183;   0;   2.9;   9.1; 1010.48;   13.8;   60.92;   20.0;    8.6;    3.5;eor
        403;20230603;-999;-999;-999;    3;   0.0;   0;   15.483;   0;   2.6;   7.8; 1013.40;   14.2;   49.25;   20.8;    7.1;    1.5;eor
        403;20230604;-999;-999;-999;    3;   0.0;   0;   15.467;   0;   1.0;   8.3; 1012.23;   16.1;   48.29;   23.8;    6.4;    2.0;eor
        403;20230605;-999;-999;-999;    3;   0.0;   0;   15.150;   0;   2.8;   8.8; 1011.07;   19.2;   42.79;   26.1;    9.9;    4.6;eor
        403;20230606;-999;-999;-999;    3;   0.0;   0;    4.650;   0;   6.1;  12.1; 1009.60;   19.3;   54.21;   23.9;   14.3;    9.7;eor
        403;20230607;-999;-999;-999;    3;   0.0;   0;   11.050;   0;   6.0;  10.6; 1008.73;   22.9;   39.46;   29.2;   17.4;   14.0;eor
        403;20230608;-999;-999;-999;    3;   0.0;   0;   10.083;   0;   4.3;  10.9; 1006.83;   23.4;   38.42;   30.3;   16.0;   10.9;eor
        403;20230609;-999;-999;-999;    3;   0.0;   0;   14.800;   0;   3.6;  11.1; 1006.26;   22.3;   43.67;   29.6;   15.2;   10.1;eor
        403;20230610;-999;-999;-999;    3;   0.0;   0;    9.983;   0;   2.9;  13.9; 1008.08;   21.5;   57.42;   28.4;   14.0;   12.2;eor
        403;20230611;-999;-999;-999;    3;   0.0;   0;   13.533;   0;   2.9;  11.4; 1010.32;   21.5;   44.42;   28.2;   14.4;    8.8;eor
        403;20230612;-999;-999;-999;    3;   0.0;   0;   14.517;   0;   1.8;   9.2; 1009.95;   20.8;   39.21;   27.0;   13.7;    7.1;eor
        403;20230613;-999;-999;-999;    3;   0.0;   0;   11.650;   0;   4.3;   9.8; 1006.79;   18.1;   48.33;   24.1;   12.3;    7.5;eor
        403;20230614;-999;-999;-999;    3;   0.0;   0;    4.417;   0;   5.4;  11.6; 1008.92;   18.0;   58.25;   24.5;   11.5;    6.7;eor
        403;20230615;-999;-999;-999;    3;   1.3;   6;    6.700;   0;   6.1;  12.7; 1007.74;   18.3;   60.96;   23.5;   14.0;   10.4;eor
        403;20230616;-999;-999;-999;    3;  14.2;   6;    2.867;   0;   7.1;  15.3; 1005.24;   15.9;   85.88;   20.7;   12.9;   11.4;eor
        403;20230617;-999;-999;-999;    3;   0.8;   6;    5.800;   0;   5.6;  15.5; 1004.16;   16.1;   85.54;   21.1;   12.8;    9.9;eor
        403;20230618;-999;-999;-999;    3;   0.0;   0;   11.950;   0;   2.5;  14.1; 1004.68;   19.4;   66.83;   26.2;   11.6;    8.9;eor
        403;20230619;-999;-999;-999;    3;   0.0;   6;    4.433;   0;   6.0;  16.6; 1003.69;   21.5;   67.96;   28.9;   14.9;   12.1;eor
        403;20230620;-999;-999;-999;    3;   6.1;   6;    5.733;   0;   6.1;  20.6; 1003.90;   21.6;   80.21;   26.7;   17.4;   15.2;eor
        403;20230621;-999;-999;-999;    3;   0.0;   0;    9.450;   0;   5.3;  19.7; 1005.45;   23.2;   72.08;   28.8;   18.0;   15.3;eor
        403;20230622;-999;-999;-999;    3;  24.2;   6;   10.217;   0;   5.3;  16.9; 1008.18;   23.3;   62.71;   29.5;   17.3;   14.7;eor
        403;20230623;-999;-999;-999;    3;  27.4;   6;    0.000;   0;   7.8;  19.0; 1006.95;   17.2;   96.79;   18.3;   15.7;   14.9;eor
        403;20230624;-999;-999;-999;    3;   0.0;   0;   12.933;   0;   2.9;  14.8; 1013.18;   19.3;   69.38;   25.2;   14.1;   12.4;eor
        403;20230625;-999;-999;-999;    3;   0.0;   0;    6.767;   0;   4.5;  16.8; 1009.65;   21.1;   69.96;   26.6;   14.9;   12.9;eor
        403;20230626;-999;-999;-999;    3;  19.3;   6;    8.600;   0;   4.0;  17.3; 1004.22;   21.6;   70.92;   31.1;   16.2;   13.9;eor
        403;20230627;-999;-999;-999;    3;   1.4;   6;   10.283;   0;   3.9;  13.1; 1005.86;   16.7;   69.46;   21.0;   14.1;   12.3;eor
        403;20230628;-999;-999;-999;    3;   0.0;   0;   10.000;   0;   4.0;  12.7; 1006.33;   18.0;   64.00;   23.6;   13.2;   11.4;eor
        403;20230629;-999;-999;-999;    3;   0.6;   6;    4.767;   0;   5.8;  15.2; 1005.02;   19.8;   68.33;   25.5;   12.3;   10.4;eor
        403;20230630;-999;-999;-999;    3;   0.5;   6;    1.200;   0;   7.3;  18.5; 1001.07;   18.7;   86.04;   21.3;   16.0;   14.0;eor
        403;20230701;-999;-999;-999;    3;   0.6;   6;    7.100;   0;   7.0;  15.0;  996.22;   19.3;   70.38;   25.2;   15.3;   13.4;eor
        403;20230702;-999;-999;-999;    3;   0.0;   6;    8.283;   0;   4.6;  12.4;  996.98;   18.6;   59.00;   22.1;   13.1;    9.2;eor
        403;20230703;-999;-999;-999;    3;   0.0;   0;    3.567;   0;   6.3;  11.3;  999.92;   17.5;   57.58;   21.4;   11.0;    8.4;eor
        403;20230704;-999;-999;-999;    3;   0.0;   0;    9.200;   0;   4.7;  12.1; 1002.58;   18.2;   59.00;   22.2;   12.4;    9.5;eor
        403;20230705;-999;-999;-999;    3;   0.0;   6;    5.883;   0;   5.0;  12.5; 1001.64;   18.8;   58.83;   24.3;   11.9;    9.0;eor
        403;20230706;-999;-999;-999;    3;   0.0;   0;   12.717;   0;   2.6;  11.7; 1008.28;   17.3;   61.54;   23.1;   11.3;    8.0;eor
        403;20230707;-999;-999;-999;    3;   0.0;   0;   15.767;   0;   1.0;  12.0; 1012.24;   20.0;   56.79;   28.0;   10.3;    7.5;eor
        403;20230708;-999;-999;-999;    3;   0.0;   0;   15.667;   0;   0.5;  12.3; 1010.93;   23.2;   47.13;   30.4;   13.3;   10.0;eor
        403;20230709;-999;-999;-999;    3;   0.6;   6;   13.983;   0;   3.5;  13.6; 1010.78;   24.4;   46.75;   31.8;   15.3;   11.7;eor
        403;20230710;-999;-999;-999;    3;   0.5;   6;    9.633;   0;   4.6;  17.2; 1008.43;   22.8;   62.29;   28.8;   16.4;   12.7;eor
        403;20230711;-999;-999;-999;    3;   0.0;   0;   15.117;   0;   2.8;  15.5; 1005.99;   23.1;   59.38;   29.9;   14.4;   11.2;eor
        403;20230712;-999;-999;-999;    3;   0.0;   0;   10.100;   0;   4.8;  15.2;  999.55;   23.1;   54.38;   27.5;   16.3;   12.2;eor
        403;20230713;-999;-999;-999;    3;   0.0;   6;   11.500;   0;   4.6;  13.6; 1005.44;   19.6;   62.13;   25.0;   13.9;   10.2;eor
        403;20230714;-999;-999;-999;    3;   0.0;   0;   12.300;   0;   3.5;  13.2; 1006.97;   20.1;   59.17;   27.5;   13.1;    9.5;eor
        403;20230715;-999;-999;-999;    3;   1.6;   6;   10.533;   0;   5.3;  16.3; 1000.35;   25.3;   53.96;   34.3;   15.6;   11.4;eor
        403;20230716;-999;-999;-999;    3;   0.0;   0;   10.133;   0;   4.3;  16.5; 1003.49;   22.8;   61.96;   27.8;   16.6;   12.3;eor
        403;20230717;-999;-999;-999;    3;   0.0;   0;   11.167;   0;   4.8;  12.1; 1007.12;   21.5;   49.46;   27.3;   15.7;   11.7;eor
        403;20230718;-999;-999;-999;    3;   0.0;   0;   14.750;   0;   2.7;  12.3; 1008.93;   18.7;   60.00;   24.8;   13.2;   10.0;eor
        403;20230719;-999;-999;-999;    3;   6.1;   6;    5.450;   0;   6.0;  13.5; 1001.84;   19.2;   64.21;   25.3;   12.2;    8.6;eor
        403;20230720;-999;-999;-999;    3;   0.0;   6;    7.183;   0;   5.2;  13.9; 1002.70;   17.2;   72.83;   22.3;   11.5;    8.5;eor
        403;20230721;-999;-999;-999;    3;  11.2;   6;    3.267;   0;   4.9;  13.8; 1001.70;   15.3;   81.17;   21.6;    9.8;    7.4;eor
        403;20230722;-999;-999;-999;    3;   0.3;   6;    9.833;   0;   5.2;  13.5; 1003.18;   16.8;   72.88;   21.5;   12.4;   11.2;eor
        403;20230723;-999;-999;-999;    3;   0.0;   6;    2.933;   0;   7.2;  14.0;  999.36;   19.8;   63.13;   26.7;   14.4;   13.1;eor
        403;20230724;-999;-999;-999;    3;  18.1;   8;    6.100;   0;   6.1;  17.1;  993.35;   20.8;   72.13;   27.4;   15.1;   14.1;eor
        403;20230725;-999;-999;-999;    3;   0.0;   0;    6.317;   0;   6.5;  13.8;  994.63;   17.4;   70.92;   21.2;   14.3;   13.6;eor
        403;20230726;-999;-999;-999;    3;   3.7;   8;    9.867;   0;   5.5;  12.2; 1000.43;   15.9;   68.25;   20.6;   11.6;    9.4;eor
        403;20230727;-999;-999;-999;    3;  14.5;   6;    3.933;   0;   6.1;  15.0;  998.75;   15.3;   86.29;   18.8;   10.6;    8.7;eor
        403;20230728;-999;-999;-999;    3;   1.0;   6;    3.600;   0;   6.5;  20.0;  995.79;   18.9;   92.00;   22.0;   16.3;   14.9;eor
        403;20230729;-999;-999;-999;    3;   6.9;   6;    7.400;   0;   5.3;  19.8;  997.66;   19.0;   90.63;   23.9;   15.1;   13.5;eor
        403;20230730;-999;-999;-999;    3;   2.1;   6;    9.267;   0;   5.1;  16.2; 1000.26;   18.3;   78.63;   24.0;   14.4;   12.9;eor
        403;20230731;-999;-999;-999;    3;   1.2;   6;    0.517;   0;   7.5;  16.7;  997.94;   17.6;   84.00;   21.0;   13.9;   13.0;eor
        403;20230801;-999;-999;-999;    3;   3.3;   6;    3.600;   0;   6.8;  17.0;  989.20;   17.9;   83.50;   22.1;   15.9;   13.9;eor
        403;20230802;-999;-999;-999;    3;   1.6;   6;    3.817;   0;   6.8;  15.8;  988.55;   18.6;   74.79;   22.2;   15.1;   13.3;eor
        403;20230803;-999;-999;-999;    3;   7.3;   6;    4.267;   0;   5.5;  17.0;  989.03;   18.4;   81.38;   22.6;   15.6;   13.6;eor
        403;20230804;-999;-999;-999;    3;   0.0;   6;    9.117;   0;   5.0;  15.6; 1001.14;   18.4;   75.33;   22.7;   13.3;   11.6;eor
        403;20230805;-999;-999;-999;    3;   0.8;   6;    5.200;   0;   6.5;  15.2; 1003.31;   17.3;   78.17;   21.0;   13.0;   11.4;eor
        403;20230806;-999;-999;-999;    3;   7.2;   6;    0.000;   0;   8.0;  17.0;  994.86;   15.9;   94.08;   17.5;   13.6;   13.2;eor
        403;20230807;-999;-999;-999;    3;   1.7;   6;    4.600;   0;   6.5;  13.8;  996.06;   16.2;   75.92;   19.6;   13.6;   12.5;eor
        403;20230808;-999;-999;-999;    3;   1.4;   6;    6.067;   0;   5.5;  12.8; 1000.02;   14.7;   76.79;   19.4;   12.5;   11.1;eor
        403;20230809;-999;-999;-999;    3;   0.6;   6;    8.133;   0;   5.6;  12.7; 1004.85;   14.9;   76.00;   19.8;   10.9;    9.1;eor
        403;20230810;-999;-999;-999;    3;   0.0;   0;    9.883;   0;   3.3;  12.4; 1010.84;   15.3;   74.71;   21.1;    9.8;    8.2;eor
        403;20230811;-999;-999;-999;    3;   0.0;   0;   11.183;   0;   3.1;  14.7; 1011.82;   17.9;   74.29;   24.5;   10.3;    8.9;eor
        403;20230812;-999;-999;-999;    3;   0.1;   6;    4.450;   0;   5.7;  19.6; 1007.17;   21.2;   78.67;   27.9;   15.2;   13.5;eor
        403;20230813;-999;-999;-999;    3;   0.0;   0;    9.583;   0;   5.7;  17.6; 1007.97;   21.6;   70.13;   26.6;   16.9;   14.8;eor
        403;20230814;-999;-999;-999;    3;  17.6;   6;    9.767;   0;   4.9;  18.7; 1006.65;   22.3;   72.42;   30.5;   14.7;   12.2;eor
        403;20230815;-999;-999;-999;    3;   0.1;   6;    9.917;   0;   4.6;  23.1; 1006.48;   23.8;   79.92;   30.6;   18.0;   16.4;eor
        403;20230816;-999;-999;-999;    3;   0.0;   0;    5.683;   0;   4.8;  21.2; 1010.42;   22.9;   77.21;   27.5;   19.4;   17.8;eor
        403;20230817;-999;-999;-999;    3;  13.8;   6;    4.833;   0;   5.8;  20.0; 1009.78;   21.7;   77.42;   26.9;   18.2;   16.9;eor
        403;20230818;-999;-999;-999;    3;   0.0;   0;   10.867;   0;   3.6;  21.7; 1008.09;   23.8;   76.33;   30.0;   18.5;   17.5;eor
        403;20230819;-999;-999;-999;    3;   0.0;   0;   12.067;   0;   2.7;  22.7; 1007.99;   24.6;   75.92;   31.7;   18.5;   16.5;eor
        403;20230820;-999;-999;-999;    3;   0.0;   0;   10.500;   0;   3.8;  20.2; 1011.31;   23.8;   70.13;   27.9;   19.8;   17.4;eor
        403;20230821;-999;-999;-999;    3;   0.0;   0;    9.817;   0;   4.0;  17.9; 1012.60;   22.3;   68.54;   26.3;   18.6;   16.3;eor
        403;20230822;-999;-999;-999;    3;   0.0;   0;    2.400;   0;   5.5;  17.3; 1010.01;   20.8;   71.75;   24.8;   15.5;   13.4;eor
        403;20230823;-999;-999;-999;    3;   0.0;   0;   12.950;   0;   2.2;  16.5; 1009.36;   19.8;   75.00;   25.8;   13.9;   11.9;eor
        403;20230824;-999;-999;-999;    3;   0.0;   6;   10.217;   0;   5.4;  17.2; 1006.26;   21.4;   69.96;   27.9;   14.8;   12.8;eor
        403;20230825;-999;-999;-999;    3;   0.6;   6;    5.983;   0;   5.1;  20.1;  999.32;   23.0;   72.00;   28.2;   18.9;   16.9;eor
        403;20230826;-999;-999;-999;    3;   0.4;   6;    3.450;   0;   6.0;  17.6; 1000.59;   19.5;   78.50;   25.0;   14.3;   11.5;eor
        403;20230827;-999;-999;-999;    3;   0.4;   6;    0.217;   0;   6.7;  15.7; 1000.47;   16.7;   84.04;   20.5;   12.8;   11.0;eor
        403;20230828;-999;-999;-999;    3;   0.0;   6;    4.283;   0;   5.6;  14.1; 1001.37;   15.8;   79.08;   18.9;   12.4;    8.8;eor
        403;20230829;-999;-999;-999;    3;   8.8;   6;    0.000;   0;   7.8;  15.4;  999.41;   15.1;   89.79;   17.4;   13.5;   13.2;eor
        403;20230830;-999;-999;-999;    3;   0.6;   6;    4.100;   0;   6.4;  14.8;  997.47;   15.5;   85.39;   20.3;   12.2;   10.5;eor
        403;20230831;-999;-999;-999;    3;   3.9;   6;    3.933;   0;   6.0;  13.5;  999.45;   14.0;   85.13;   17.3;   10.6;    8.8;eor
        403;20230901;-999;-999;-999;    3;   0.0;   0;    7.967;   0;   4.0;  13.4; 1004.53;   14.8;   81.25;   20.8;    9.0;    7.2;eor
        403;20230902;-999;-999;-999;    3;   0.0;   0;    7.100;   0;   3.6;  14.7; 1010.71;   15.8;   83.38;   21.6;   10.5;    8.4;eor
        403;20230903;-999;-999;-999;    3;   0.0;   0;    7.333;   0;   6.2;  14.3; 1016.27;   16.4;   78.50;   20.4;   11.8;    9.8;eor
        403;20230904;-999;-999;-999;    3;   0.0;   0;   12.233;   0;   0.8;  15.1; 1018.30;   17.6;   77.83;   25.6;   10.7;    8.8;eor
        403;20230905;-999;-999;-999;    3;   0.0;   0;   12.917;   0;   1.8;  16.3; 1014.30;   19.8;   74.29;   27.7;   12.9;   10.4;eor
        403;20230906;-999;-999;-999;    3;   0.0;   0;   12.867;   0;   0.4;  15.5; 1013.52;   20.2;   70.75;   29.0;   12.5;    9.7;eor
        403;20230907;-999;-999;-999;    3;   0.0;   0;   12.733;   0;   2.1;  15.6; 1014.30;   20.6;   68.79;   28.8;   13.8;    9.8;eor
        403;20230908;-999;-999;-999;    3;   0.0;   0;   12.550;   0;   0.5;  16.0; 1011.32;   20.4;   70.63;   28.8;   13.6;    9.4;eor
        403;20230909;-999;-999;-999;    3;   0.0;   0;   12.450;   0;   2.3;  15.7; 1008.47;   20.9;   69.63;   30.5;   13.3;    9.4;eor
        403;20230910;-999;-999;-999;    3;   0.0;   0;   12.317;   0;   0.3;  15.9; 1007.45;   20.8;   70.33;   30.0;   12.7;    9.2;eor
        403;20230911;-999;-999;-999;    3;   0.0;   0;   12.167;   0;   2.5;  16.8; 1004.35;   21.3;   71.04;   30.6;   13.7;   10.5;eor
        403;20230912;-999;-999;-999;    3;   3.4;   8;   11.033;   0;   3.9;  17.9; 1002.84;   21.3;   72.63;   29.3;   14.4;   11.6;eor
        403;20230913;-999;-999;-999;    3;   4.6;   6;    2.717;   0;   6.9;  18.8; 1003.99;   18.3;   89.21;   22.3;   13.8;   13.2;eor
        403;20230914;-999;-999;-999;    3;   0.0;   0;   10.917;   0;   2.6;  12.7; 1012.53;   14.5;   79.38;   20.1;    9.8;    7.5;eor
        403;20230915;-999;-999;-999;    3;   0.0;   0;   11.933;   0;   0.8;  13.7; 1012.29;   16.1;   79.00;   23.5;    9.4;    6.5;eor
        403;20230916;-999;-999;-999;    3;   0.0;   0;   11.617;   0;   1.5;  14.8; 1007.55;   17.8;   74.92;   26.2;   11.3;    8.1;eor
        403;20230917;-999;-999;-999;    3;   0.0;   0;   11.383;   0;   3.7;  16.6; 1005.78;   19.2;   77.71;   27.4;   12.5;    9.2;eor
        403;20230918;-999;-999;-999;    3;   0.5;   6;    4.400;   0;   5.6;  18.2;  999.22;   19.9;   79.38;   25.7;   14.9;   11.3;eor
        403;20230919;-999;-999;-999;    3;   0.0;   0;    9.017;   0;   4.0;  13.1; 1000.14;   17.7;   65.13;   20.4;   15.0;   11.0;eor
        403;20230920;-999;-999;-999;    3;   0.0;   0;    8.483;   0;   4.4;  14.3; 1000.75;   17.9;   70.50;   24.7;   13.6;   10.2;eor
        403;20230921;-999;-999;-999;    3;   1.8;   6;   10.233;   0;   2.8;  16.0;  993.66;   19.7;   73.46;   28.8;   12.0;    8.4;eor
        403;20230922;-999;-999;-999;    3;   0.3;   4;    0.100;   0;   6.9;  16.7;  994.03;   16.2;   90.96;   18.3;   13.2;   11.1;eor
        403;20230923;-999;-999;-999;    3;   0.0;   0;    6.000;   0;   4.5;  12.7; 1003.86;   14.1;   80.17;   18.5;    9.6;    6.1;eor
        403;20230924;-999;-999;-999;    3;   0.0;   0;    6.283;   0;   2.9;  12.4; 1016.49;   13.3;   83.42;   19.9;    8.6;    4.9;eor
        403;20230925;-999;-999;-999;    3;   0.0;   0;   10.700;   0;   3.3;  13.1; 1016.90;   14.4;   82.25;   22.6;    8.0;    4.0;eor
        403;20230926;-999;-999;-999;    3;   0.0;   0;   10.500;   0;   2.8;  16.3; 1013.15;   17.0;   85.46;   24.9;   10.7;    7.0;eor
        403;20230927;-999;-999;-999;    3;   0.0;   0;    9.717;   0;   2.5;  17.3; 1010.78;   18.4;   84.13;   27.2;   12.1;    8.5;eor
        403;20230928;-999;-999;-999;    3;   0.0;   0;   11.050;   0;   3.3;  16.2; 1007.84;   18.3;   80.46;   27.0;   12.0;    8.9;eor
        403;20230929;-999;-999;-999;    3;   0.1;   6;    2.717;   0;   6.3;  17.3; 1007.30;   18.2;   83.75;   22.4;   12.6;    9.5;eor
        403;20230930;-999;-999;-999;    3;   0.0;   0;    7.500;   0;   4.2;  13.0; 1014.37;   14.7;   79.25;   19.3;   11.0;    7.2;eor
        403;20231001;-999;-999;-999;    3;   0.0;   6;    3.017;   0;   7.3;  13.2; 1013.66;   15.5;   75.71;   19.8;   11.5;   11.1;eor
        403;20231002;-999;-999;-999;    3;   0.0;   6;    9.233;   0;   5.9;  16.2; 1010.26;   18.8;   76.54;   25.7;   13.2;    9.7;eor
        403;20231003;-999;-999;-999;    3;  11.3;   6;    2.150;   0;   5.5;  15.3; 1002.99;   17.3;   79.50;   24.2;   12.5;    8.8;eor
        403;20231004;-999;-999;-999;    3;   0.0;   6;    5.500;   0;   5.2;  12.3; 1013.18;   14.0;   77.83;   17.5;   11.4;    8.3;eor
        403;20231005;-999;-999;-999;    3;   1.6;   6;    1.533;   0;   6.0;  12.4; 1011.87;   12.2;   87.38;   16.2;    9.3;    6.9;eor
        403;20231006;-999;-999;-999;    3;   1.0;   6;    2.217;   0;   7.0;  13.8; 1011.44;   14.6;   84.00;   17.9;    9.7;    9.7;eor
        403;20231007;-999;-999;-999;    3;  14.8;   6;    0.000;   0;   7.8;  15.1; 1005.48;   15.6;   85.88;   18.2;   10.8;   11.2;eor
        403;20231008;-999;-999;-999;    3;   3.5;   6;    8.867;   0;   6.0;  10.2; 1014.07;   11.6;   76.21;   15.3;    9.5;    8.0;eor
        403;20231009;-999;-999;-999;    3;   2.3;   6;    0.000;   0;   8.0;  11.8; 1008.79;   10.1;   95.46;   11.3;    9.0;    9.6;eor
        403;20231010;-999;-999;-999;    3;   0.0;   6;    0.750;   0;   6.9;  14.9; 1008.15;   13.8;   94.42;   16.8;   10.3;   11.0;eor
        403;20231011;-999;-999;-999;    3;   2.3;   6;    7.850;   0;   6.5;  14.9; 1001.73;   17.9;   74.63;   23.4;   12.9;   10.0;eor
        403;20231012;-999;-999;-999;    3;   1.4;   6;    0.183;   0;   7.4;  14.2; 1003.08;   14.9;   84.46;   20.7;   12.1;   12.2;eor
        403;20231013;-999;-999;-999;    3;   2.0;   6;    1.867;   0;   7.3;  16.5;  999.04;   17.5;   83.67;   21.5;   12.7;   13.1;eor
        403;20231014;-999;-999;-999;    3;   0.2;   6;    4.750;   0;   6.3;  11.6;  996.69;   14.3;   70.25;   20.3;    8.6;    6.5;eor
        403;20231015;-999;-999;-999;    3;   0.0;   6;    6.200;   0;   2.7;   8.0; 1005.18;    8.5;   72.50;   11.3;    6.2;    4.7;eor
        403;20231016;-999;-999;-999;    3;   0.0;   6;    4.967;   0;   3.7;   8.4; 1010.43;    7.0;   84.83;   11.3;    3.2;    2.0;eor
        403;20231017;-999;-999;-999;    3;   0.0;   0;    1.867;   0;   5.1;   8.2; 1011.43;    6.5;   86.67;   11.8;    1.4;    0.3;eor
        403;20231018;-999;-999;-999;    3;   0.0;   6;    9.233;   0;   3.8;   7.6; 1004.48;    6.2;   82.17;   12.9;   -0.1;   -1.0;eor
        403;20231019;-999;-999;-999;    3;   4.4;   6;    0.000;   0;   7.9;   9.0;  990.10;    6.7;   91.38;    7.3;    5.7;    4.2;eor
        403;20231020;-999;-999;-999;    3;   5.5;   6;    0.000;   0;   7.9;   9.2;  982.12;    5.9;   98.83;    6.8;    4.8;    5.1;eor
        403;20231021;-999;-999;-999;    3;   0.4;   6;    3.833;   0;   5.8;  11.9;  988.56;   10.8;   92.33;   18.8;    6.6;    6.3;eor
        403;20231022;-999;-999;-999;    3;   0.0;   6;    3.967;   0;   6.5;  12.6;  998.69;   12.6;   87.17;   17.2;    9.9;    7.5;eor
        403;20231023;-999;-999;-999;    3;   0.3;   6;    2.617;   0;   5.1;  11.7; 1004.30;   10.2;   94.33;   15.5;    6.2;    4.0;eor
        403;20231024;-999;-999;-999;    3;  11.5;   6;    0.000;   0;   7.4;  13.0;  996.42;   11.3;   97.33;   13.0;    9.1;    7.6;eor
        403;20231025;-999;-999;-999;    3;  10.1;   6;    3.250;   0;   7.0;  12.4;  991.30;   10.9;   94.75;   14.3;    9.1;    6.7;eor
        403;20231026;-999;-999;-999;    3;   1.2;   6;    0.000;   0;   8.0;  12.0;  985.18;    9.8;   99.25;   10.7;    9.3;    9.4;eor
        403;20231027;-999;-999;-999;    3;   7.1;   6;    0.000;   0;   8.0;  11.7;  985.22;    9.5;   98.67;   10.1;    8.7;    9.1;eor
        403;20231028;-999;-999;-999;    3;   7.3;   6;    0.483;   0;   7.0;  12.1;  990.35;   10.1;   97.71;   12.5;    8.0;    5.4;eor
        403;20231029;-999;-999;-999;    3;   4.2;   6;    0.183;   0;   7.1;  12.6;  990.60;   11.7;   92.17;   14.7;    8.4;    6.0;eor
        403;20231030;-999;-999;-999;    3;   1.8;   6;    1.633;   0;   6.9;  12.5;  992.65;   12.6;   85.75;   15.5;   10.7;    8.5;eor
        403;20231031;-999;-999;-999;    3;   4.1;   6;    0.650;   0;   6.9;  11.5;  989.03;   10.8;   87.96;   13.1;    7.0;    5.5;eor
        403;20231101;-999;-999;-999;    3;   0.0;   6;    3.117;   0;   6.2;  10.6;  995.60;   10.2;   84.42;   15.1;    6.5;    6.0;eor
        403;20231102;-999;-999;-999;    3;   2.8;   6;    1.067;   0;   6.7;  11.1;  982.70;   10.4;   89.00;   13.3;    6.2;    3.2;eor
        403;20231103;-999;-999;-999;    3;   0.1;   6;    1.567;   0;   7.2;  10.4;  977.48;    9.4;   88.25;   11.4;    7.7;    6.1;eor
        403;20231104;-999;-999;-999;    3;   2.1;   6;    5.450;   0;   5.6;   8.5;  978.30;    8.5;   77.38;   12.0;    5.8;    3.4;eor
        403;20231105;-999;-999;-999;    3;   6.2;   6;    1.017;   0;   7.3;  10.9;  971.78;   10.1;   88.67;   13.0;    8.0;    5.7;eor
        403;20231106;-999;-999;-999;    3;   0.0;   6;    2.133;   0;   5.8;   9.6;  990.27;   11.0;   73.63;   13.7;    8.4;    4.9;eor
        403;20231107;-999;-999;-999;    3;   0.0;   6;    4.100;   0;   4.0;   9.7;  999.92;    9.4;   83.08;   12.9;    7.2;    4.1;eor
        403;20231108;-999;-999;-999;    3;   0.4;   6;    1.883;   0;   5.4;   9.2; 1001.90;    8.5;   83.33;   11.7;    6.3;    2.5;eor
        403;20231109;-999;-999;-999;    3;   0.0;   6;    0.000;   0;   6.8;   8.9;  995.13;    9.6;   74.54;   12.2;    6.5;    2.8;eor
        403;20231110;-999;-999;-999;    3;   0.0;   6;    0.883;   0;   5.5;   9.1;  990.64;    8.6;   81.50;   10.8;    4.5;    0.6;eor
        403;20231111;-999;-999;-999;    3;   1.3;   6;    0.800;   0;   6.2;   8.6;  992.11;    5.6;   93.83;    8.1;    2.2;   -0.9;eor
        403;20231112;-999;-999;-999;    3;   0.3;   6;    0.067;   0;   6.8;   9.0;  997.05;    6.2;   95.17;    7.9;    4.0;    0.9;eor
        403;20231113;-999;-999;-999;    3;   5.3;   6;    5.633;   0;   6.5;   8.7;  995.73;    6.9;   86.92;    9.4;    4.5;    2.3;eor
        403;20231114;-999;-999;-999;    3;   2.8;   6;    0.933;   0;   5.8;  10.7;  989.45;   10.8;   82.58;   13.2;    8.3;    6.2;eor
        403;20231115;-999;-999;-999;    3;   3.2;   6;    0.900;   0;   6.9;   9.5;  999.17;    7.3;   92.08;    9.6;    3.9;    1.4;eor
        403;20231116;-999;-999;-999;    3;   0.4;   6;    2.167;   0;   5.6;   8.4; 1001.33;    6.0;   89.54;    9.1;    0.8;   -1.7;eor
        403;20231117;-999;-999;-999;    3;   0.4;   6;    0.000;   0;   7.5;   7.3; 1005.25;    3.9;   89.96;    5.3;    1.3;   -0.3;eor
        403;20231118;-999;-999;-999;    3;   7.1;   6;    1.567;   0;   7.2;   7.6; 1013.04;    4.3;   90.83;    6.4;    3.4;    1.3;eor
        403;20231119;-999;-999;-999;    3;  12.0;   6;    0.933;   0;   7.2;  10.0;  997.87;    7.9;   92.96;   12.0;    3.9;    3.3;eor
        403;20231120;-999;-999;-999;    3;  10.7;   6;    0.000;   0;   7.7;  11.7;  996.25;    9.4;   99.33;   10.5;    8.1;    8.0;eor
        403;20231121;-999;-999;-999;    3;   0.2;   6;    0.000;   0;   7.0;   7.2; 1006.21;    3.6;   89.79;    8.2;    0.5;   -1.6;eor
        403;20231122;-999;-999;-999;    3;   0.0;   8;    6.233;   0;   5.1;   4.6; 1017.47;   -0.1;   76.33;    2.8;   -2.4;   -4.5;eor
        403;20231123;-999;-999;-999;    3;   5.2;   8;    0.000;   0;   8.0;   9.1;  999.93;    7.1;   87.42;   11.2;    0.7;    0.7;eor
        403;20231124;-999;-999;-999;    3;   2.4;   8;    1.300;   0;   6.0;   6.8;  988.63;    4.2;   82.88;    7.7;    0.5;   -0.5;eor
        403;20231125;-999;-999;-999;    3;   0.5;   8;    0.867;   0;   6.4;   6.2;  994.28;    1.0;   93.75;    2.7;    0.1;   -1.4;eor
        403;20231126;-999;-999;-999;    3;   0.0;   7;    4.517;   0;   5.7;   5.1; 1001.83;   -0.6;   87.63;    1.4;   -1.9;   -3.2;eor
        403;20231127;-999;-999;-999;    3;   4.0;   8;    0.000;   0;   7.6;   5.9;  995.38;    0.1;   95.75;    2.0;   -1.8;   -2.2;eor
        403;20231128;-999;-999;-999;    3;   0.1;   7;    2.433;   4;   5.7;   5.0;  991.53;   -1.8;   92.54;   -0.5;   -4.7;   -7.5;eor
        403;20231129;-999;-999;-999;    3;   1.9;   8;    0.000;   3;   7.4;   5.3;  991.84;   -1.3;   94.71;    0.6;   -4.0;   -5.2;eor
        403;20231130;-999;-999;-999;    3;   0.0;   0;    2.117;   7;   5.0;   4.6;  993.77;   -2.9;   93.63;    1.5;   -5.8;   -9.7;eor
        403;20231201;-999;-999;-999;    3;   0.0;   7;    5.517;   6;   5.7;   4.1;  996.85;   -4.8;   95.33;   -2.3;   -6.2;  -10.0;eor
        403;20231202;-999;-999;-999;    3;   0.1;   7;    0.000;   5;   8.0;   4.3; 1001.27;   -4.7;   97.67;   -1.7;   -7.7;   -7.0;eor
        403;20231203;-999;-999;-999;    3;   0.1;   7;    0.000;   6;   7.0;   4.8; 1010.51;   -2.6;   93.79;   -1.6;   -6.4;   -9.7;eor
        403;20231204;-999;-999;-999;    3;   0.0;   7;    0.000;   6;   6.5;   4.5; 1006.97;   -3.0;   91.33;   -0.8;   -6.8;   -9.8;eor
        403;20231205;-999;-999;-999;    3;   1.5;   8;    0.000;   6;   7.8;   5.1;  999.90;   -1.2;   90.29;    0.0;   -3.3;   -5.4;eor
        403;20231206;-999;-999;-999;    3;   2.1;   8;    0.000;   6;   8.0;   6.3; 1002.50;    0.6;   99.25;    1.3;    0.0;   -0.1;eor
        403;20231207;-999;-999;-999;    3;   0.0;   4;    0.000;   3;   8.0;   6.6; 1009.51;    1.0;   99.50;    1.6;    0.5;    0.3;eor
        403;20231208;-999;-999;-999;    3;   0.4;   8;    0.400;   3;   7.8;   6.3; 1004.05;    0.9;   96.83;    1.2;    0.4;   -0.9;eor
        403;20231209;-999;-999;-999;    1;   4.1;   6;    0.267;   2;   7.5;   7.3;  999.37;    2.8;   97.88;    5.5;    1.0;    0.4;eor
        403;20231210;-999;-999;-999;    1;   8.6;   6;    0.083;   0;   7.7;   8.7;  992.42;    5.3;   96.92;    7.3;    2.2;    0.0;eor
        403;20231211;-999;-999;-999;    1;  17.8;   6;    0.100;   0;   7.6;  10.1;  988.36;    7.7;   96.58;    8.9;    5.7;    5.3;eor
        403;20231212;-999;-999;-999;    1;   3.9;   6;    1.800;   0;   6.9;   8.9;  996.15;    5.6;   97.54;    8.1;    2.9;    0.2;eor
        403;20231213;-999;-999;-999;    1;   7.2;   6;    0.000;   0;   8.0;   8.5;  990.96;    4.6;  100.00;    5.4;    3.4;    2.6;eor
        403;20231214;-999;-999;-999;    1;   0.0;   8;    0.000;   0;   8.0;   7.4; 1005.16;    3.2;   96.25;    4.0;    2.0;    1.4;eor
        403;20231215;-999;-999;-999;    1;   0.6;   6;    0.000;   0;   7.8;   7.8; 1020.71;    3.3;   99.13;    6.2;    0.8;   -1.7;eor
        403;20231216;-999;-999;-999;    1;   0.0;   6;    2.200;   0;   7.5;   9.0; 1024.77;    7.5;   86.75;    8.7;    6.1;    4.7;eor
        403;20231217;-999;-999;-999;    1;   0.0;   0;    1.967;   0;   6.3;   9.3; 1022.12;    7.7;   88.25;    9.9;    3.5;   -0.1;eor
        403;20231218;-999;-999;-999;    1;   0.0;   6;    0.000;   0;   6.5;   8.2; 1017.27;    6.0;   87.54;    7.6;    2.9;   -0.7;eor
        403;20231219;-999;-999;-999;    1;   8.2;   6;    0.000;   0;   8.0;   8.5; 1006.28;    6.2;   90.25;    6.8;    4.9;    4.4;eor
        403;20231220;-999;-999;-999;    1;   8.0;   6;    0.017;   0;   6.6;   8.3;  997.38;    5.3;   92.88;    6.4;    3.9;    2.8;eor
        403;20231221;-999;-999;-999;    1;   9.6;   6;    0.000;   0;   6.8;   9.3;  979.15;    6.9;   92.42;    9.5;    4.1;    3.5;eor
        403;20231222;-999;-999;-999;    1;   4.6;   8;    3.183;   0;   5.6;   6.2;  980.14;    3.5;   79.71;    4.8;    0.2;   -0.6;eor
        403;20231223;-999;-999;-999;    1;  11.5;   8;    0.000;   2;   7.9;   6.5;  990.28;    1.6;   94.08;    2.4;    0.5;    0.0;eor
        403;20231224;-999;-999;-999;    1;  16.8;   6;    0.000;   1;   8.0;  10.1;  989.19;    6.9;   98.96;   12.2;    0.3;    0.1;eor
        403;20231225;-999;-999;-999;    1;  17.0;   6;    1.217;   0;   7.0;  10.3;  991.96;   10.0;   83.71;   11.5;    8.7;    7.7;eor
        403;20231226;-999;-999;-999;    1;   1.0;   6;    2.100;   0;   6.3;   9.3;  997.75;    8.3;   84.25;    9.6;    5.1;    3.6;eor
        403;20231227;-999;-999;-999;    1;   0.1;   6;    5.417;   0;   5.3;   7.0; 1009.25;    4.0;   86.21;    5.3;    2.6;    0.7;eor
        403;20231228;-999;-999;-999;    1;   0.0;   0;    3.317;   0;   6.6;   8.1; 1001.51;    8.4;   73.58;   10.7;    4.1;    0.8;eor
        403;20231229;-999;-999;-999;    1;   4.1;   6;    0.650;   0;   6.5;   8.9;  997.00;    9.5;   75.29;   11.3;    7.1;    6.3;eor
        403;20231230;-999;-999;-999;    1;   0.0;   0;    0.067;   0;   5.3;   8.1; 1000.71;    6.1;   85.54;    7.8;    3.4;    0.3;eor
        403;20231231;-999;-999;-999;    1;   0.4;   6;    0.000;   0;   6.8;   8.2;  997.18;    5.9;   88.29;    7.8;    3.2;    0.1;eor
        403;20240101;-999;-999;-999;    1;   1.0;   6;    0.583;   0;   7.1;   8.2;  995.42;    6.2;   85.96;    8.2;    4.0;    0.2;eor
        403;20240102;-999;-999;-999;    1;  11.9;   6;    0.000;   0;   7.3;   8.4;  989.08;    4.8;   97.33;    8.0;    2.4;    0.1;eor
        403;20240103;-999;-999;-999;    1;   1.4;   6;    0.217;   0;   6.4;   9.9;  980.09;    9.4;   84.13;   11.3;    8.0;    6.2;eor
        403;20240104;-999;-999;-999;    1;   4.4;   8;    0.000;   0;   7.3;   7.3;  988.25;    4.1;   88.17;    8.9;   -0.3;   -2.1;eor
        403;20240105;-999;-999;-999;    1;   5.1;   8;    0.000;   0;   7.8;   6.1;  995.65;    0.5;   96.46;    1.0;   -0.1;   -0.1;eor
        403;20240106;-999;-999;-999;    1;   0.0;   8;    0.000;   0;   8.0;   5.7; 1001.43;   -0.2;   94.13;    0.9;   -1.5;   -1.2;eor
        403;20240107;-999;-999;-999;    1;   0.0;   7;    0.000;   0;   6.0;   4.0; 1012.91;   -2.2;   75.25;   -0.4;   -7.2;   -7.7;eor
        403;20240108;-999;-999;-999;    1;   0.0;   0;    7.350;   0;   0.5;   2.6; 1023.12;   -6.6;   71.08;   -4.1;   -8.1;  -10.0;eor
        403;20240109;-999;-999;-999;    1;   0.0;   0;    7.667;   0;   0.0;   2.7; 1027.10;   -7.5;   77.21;   -3.4;  -10.6;  -11.4;eor
        403;20240110;-999;-999;-999;    1;   0.0;   0;    7.650;   0;   0.0;   2.9; 1023.40;   -6.2;   76.42;   -0.7;   -9.4;  -10.6;eor
        403;20240111;-999;-999;-999;    1;   0.1;   8;    0.000;   0;   6.9;   4.7; 1019.98;   -3.5;   98.25;    0.1;   -8.2;   -8.6;eor
        403;20240112;-999;-999;-999;    1;   0.4;   8;    0.000;   0;   8.0;   6.0; 1017.80;   -0.1;   99.71;    1.3;   -1.1;   -0.9;eor
        403;20240113;-999;-999;-999;    1;   4.2;   8;    0.000;   0;   8.0;   6.8; 1004.95;    2.0;   96.79;    2.9;    1.3;    0.9;eor
        403;20240114;-999;-999;-999;    1;   0.5;   8;    0.017;   0;   7.5;   6.7;  992.27;    2.4;   91.79;    3.3;    1.7;    0.5;eor
        403;20240115;-999;-999;-999;    1;   3.0;   8;    0.100;   0;   7.3;   5.8;  984.38;    1.3;   86.25;    2.9;   -0.9;   -1.9;eor
        403;20240116;-999;-999;-999;    1;   0.4;   7;    0.000;   4;   7.0;   5.3;  995.08;   -0.9;   92.79;    0.8;   -3.0;   -6.8;eor
        403;20240117;-999;-999;-999;    1;   0.8;   7;    3.217;   4;   5.1;   4.6;  985.78;   -2.3;   88.21;   -0.1;   -4.9;  -10.1;eor
        403;20240118;-999;-999;-999;    1;   0.0;   0;    2.283;   4;   4.5;   4.8;  987.67;   -2.2;   91.92;   -0.3;   -4.0;  -10.3;eor
        403;20240119;-999;-999;-999;    1;   0.0;   8;    6.900;   4;   2.3;   4.8; 1004.62;   -0.7;   82.54;    2.4;   -5.7;   -9.7;eor
        403;20240120;-999;-999;-999;    1;   0.0;   0;    4.067;   4;   3.8;   5.1; 1015.28;    0.6;   79.54;    3.6;   -3.5;   -7.1;eor
        403;20240121;-999;-999;-999;    1;   0.0;   6;    1.183;   4;   5.9;   3.7; 1014.59;   -0.4;   62.83;    3.0;   -4.9;   -7.8;eor
        403;20240122;-999;-999;-999;    1;   3.6;   6;    0.000;   4;   6.8;   7.8; 1000.50;    6.6;   79.08;   10.0;    2.3;    0.2;eor
        403;20240123;-999;-999;-999;    1;   4.8;   6;    0.700;   0;   6.0;   7.4; 1008.10;    6.0;   79.42;    8.4;    4.0;    0.8;eor
        403;20240124;-999;-999;-999;    1;   2.7;   6;    1.300;   0;   6.8;   9.2; 1000.93;    8.8;   81.21;   11.2;    4.5;    3.9;eor
        403;20240125;-999;-999;-999;    1;   0.0;   0;    0.650;   0;   6.4;   7.5; 1011.52;    7.3;   74.25;    8.6;    2.3;   -0.8;eor
        403;20240126;-999;-999;-999;    1;   3.8;   6;    0.017;   0;   6.3;   7.9; 1010.91;    4.9;   90.29;    9.3;    0.2;   -2.3;eor
        403;20240127;-999;-999;-999;    1;   0.0;   0;    2.583;   0;   4.6;   7.0; 1021.43;    4.9;   81.04;    6.9;    2.2;   -1.3;eor
        403;20240128;-999;-999;-999;    1;   0.0;   0;    8.350;   0;   1.4;   6.0; 1024.45;    2.2;   85.75;    8.4;   -1.9;   -3.8;eor
        403;20240129;-999;-999;-999;    1;   0.0;   0;    7.017;   0;   4.5;   5.4; 1019.60;    3.0;   73.79;   10.2;   -1.1;   -4.1;eor
        403;20240130;-999;-999;-999;    1;   0.0;   6;    2.017;   0;   6.0;   6.5; 1018.32;    4.7;   75.58;    8.2;    0.5;   -2.4;eor
        403;20240131;-999;-999;-999;    1;   1.4;   6;    0.217;   0;   7.3;   7.2; 1019.06;    5.8;   77.88;    8.7;    4.5;    2.2;eor
        403;20240201;-999;-999;-999;    1;   0.1;   6;    4.883;   0;   5.3;   7.2; 1013.18;    6.2;   76.46;    8.4;    4.3;    2.8;eor
        403;20240202;-999;-999;-999;    1;   0.0;   6;    0.017;   0;   7.4;   7.8; 1012.64;    6.3;   81.83;    8.5;    4.2;    2.7;eor
        403;20240203;-999;-999;-999;    1;   2.2;   6;    0.000;   0;   7.6;  10.7; 1007.82;    9.4;   90.92;   10.7;    7.6;    6.1;eor
        403;20240204;-999;-999;-999;    1;  13.0;   6;    0.183;   0;   7.0;   8.3; 1004.45;    7.3;   81.50;    8.4;    5.8;    4.1;eor
        403;20240205;-999;-999;-999;    1;   2.0;   6;    0.000;   0;   8.0;  10.4;  999.61;    9.8;   86.08;   10.4;    7.0;    6.7;eor
        403;20240206;-999;-999;-999;    1;  10.5;   6;    0.000;   0;   7.9;   9.4;  994.58;   10.2;   75.50;   11.7;    8.6;    8.0;eor
        403;20240207;-999;-999;-999;    1;   0.0;   6;    0.567;   0;   7.1;   6.8;  991.90;    4.0;   82.75;    8.9;   -1.2;   -3.0;eor
        403;20240208;-999;-999;-999;    1;   6.1;   8;    0.133;   0;   7.0;   6.2;  992.05;    0.8;   95.96;    3.9;   -2.0;   -3.3;eor
        403;20240209;-999;-999;-999;    1;   8.2;   6;    0.000;   0;   7.9;   7.9;  982.26;    3.4;  100.00;    7.2;    0.5;    0.2;eor
        403;20240210;-999;-999;-999;    1;   1.3;   6;    1.900;   0;   7.3;  11.4;  981.70;    9.3;   97.13;   14.0;    6.8;    4.5;eor
        403;20240211;-999;-999;-999;    1;   9.8;   6;    0.000;   0;   7.9;  10.5;  981.45;    7.9;   98.46;    9.2;    6.3;    6.2;eor
        403;20240212;-999;-999;-999;    1;   0.6;   6;    0.833;   0;   6.6;   9.3;  990.90;    6.9;   93.13;   10.0;    4.4;    2.3;eor
        403;20240213;-999;-999;-999;    1;   0.0;   0;    3.250;   0;   4.7;   7.4; 1006.41;    5.2;   83.83;    9.0;    1.7;   -1.8;eor
        403;20240214;-999;-999;-999;    1;   3.7;   6;    0.000;   0;   7.3;   9.0; 1007.70;    6.0;   93.88;    9.7;    1.6;   -0.6;eor
        403;20240215;-999;-999;-999;    1;   0.0;   6;    0.000;   0;   7.5;  12.4; 1007.56;   10.9;   95.04;   13.4;    8.7;    5.1;eor
        403;20240216;-999;-999;-999;    1;   2.1;   6;    2.550;   0;   6.0;  11.6; 1004.97;   11.9;   84.75;   16.3;    7.9;    5.0;eor
        403;20240217;-999;-999;-999;    1;   0.0;   0;    1.783;   0;   6.5;   9.1; 1017.10;    8.8;   79.33;   11.6;    6.2;    5.5;eor
        403;20240218;-999;-999;-999;    1;   4.9;   6;    1.400;   0;   7.0;   8.1; 1017.96;    6.8;   81.67;   10.3;    1.4;   -1.0;eor
        403;20240219;-999;-999;-999;    1;   3.6;   6;    0.433;   0;   7.7;  10.1; 1008.33;    7.8;   95.00;    9.0;    6.1;    6.0;eor
